%YAML:1.0
---
Camera_Matrix: !!opencv-matrix
   rows: 3
   cols: 3
   dt: d
   data: [ 1.7128608688209874e+03, 0., 3.3664254885258964e+02, 0.,
       1.7153886944990363e+03, 2.4909409540483043e+02, 0., 0., 1. ]
Distortion_Params: !!opencv-matrix
   rows: 1
   cols: 5
   dt: d
   data: [ -5.6162841376328232e-01, 4.4759552571375769e+00,
       3.3867529508173505e-03, 4.2346987520892844e-03,
       -8.6495823261029713e+01 ]
