%YAML:1.0
---
Camera_Matrix: !!opencv-matrix
   rows: 3
   cols: 3
   dt: d
   data: [1721.0900600547, 0.0000000000, 320.0,
         0.0000000000, 1725.2672147458, 240.0,
         0.0000000000, 0.0000000000, 1.0000000000]
Distortion_Params: !!opencv-matrix
   rows: 1
   cols: 5
   dt: d
   data: [ -5.3375502116767404e-01, -7.5308627697561956e-02,
       2.3752719854151787e-03, 2.2737495310608019e-03,
       2.2610523221123191e+01 ]
