0.999998	-0.00116059	-0.00146948	0.103371	0.00116219	0.999999	0.00108396	0.0283296	0.00146822	-0.00108567	0.999998	0.792787	
0.999996	0.000572088	-0.00294057	0.244511	-0.000566942	0.999998	0.00175065	0.086266	0.00294157	-0.00174898	0.999994	1.5781	
0.999983	0.00383548	-0.00439339	0.458099	-0.00382411	0.999989	0.00259354	0.118865	0.00440329	-0.0025767	0.999987	2.34838	
0.999943	0.0067249	0.00834083	0.545384	-0.00674711	0.999974	0.00263747	0.205435	-0.00832288	-0.0026936	0.999962	3.13887	
0.999736	0.00811499	0.0214839	0.643033	-0.00817731	0.999963	0.0028145	0.27836	-0.0214602	-0.00298943	0.999765	3.92954	
0.999592	0.00651887	0.0278043	0.749271	-0.0065981	0.999974	0.00275882	0.31251	-0.0277856	-0.00294115	0.99961	4.72171	
0.999449	0.00548822	0.0327421	0.801125	-0.00555156	0.999983	0.00184402	0.377665	-0.0327315	-0.00202478	0.999462	5.51737	
0.999562	0.00446218	0.0292477	0.964961	-0.00455254	0.999985	0.00302358	0.370859	-0.0292337	-0.00315541	0.999568	6.30038	
0.999636	0.00432636	0.0266399	1.07965	-0.00434859	0.99999	0.000776615	0.469185	-0.0266363	-0.000892178	0.999645	7.08599	
0.999783	0.00138114	0.0207988	1.30606	-0.00138124	0.999999	-9.54728e-06	0.530251	-0.0207988	-1.91828e-05	0.999784	7.85085	
0.999891	-0.000124274	0.014756	1.45364	0.000140216	0.999999	-0.0010793	0.616323	-0.0147558	0.00108125	0.999891	8.63239	
0.999992	-0.00133987	0.00377662	1.48606	0.00134655	0.999998	-0.00176579	0.667555	-0.00377424	0.00177087	0.999991	9.43009	
0.999934	-0.00134506	-0.0114057	1.45409	0.00131102	0.999995	-0.00299174	0.717432	0.0114097	0.00297659	0.99993	10.2279	
0.999357	-0.00523151	-0.0354685	1.61466	0.00509891	0.99998	-0.0038279	0.745455	0.0354878	0.00364459	0.999363	11.0111	
0.998778	-0.00537935	-0.0491203	1.61692	0.00515935	0.999976	-0.00460446	0.784998	0.0491439	0.00434541	0.998782	11.8101	
0.998283	-0.00217293	-0.0585307	1.64033	0.0019147	0.999988	-0.00446758	0.791529	0.0585397	0.00434784	0.998276	12.6098	
0.998273	0.000847763	-0.0587325	1.69013	-0.00101217	0.999996	-0.00276951	0.823462	0.0587299	0.00282417	0.99827	13.4076	
0.998557	0.00163335	-0.0536787	1.679	-0.00180927	0.999993	-0.00322874	0.916622	0.0536731	0.0033212	0.998553	14.2021	
0.998784	0.0021952	-0.0492549	1.67906	-0.00236431	0.999992	-0.00337542	0.987083	0.049247	0.00348777	0.998781	14.9989	
0.998895	0.00646564	-0.0465436	1.67841	-0.00655873	0.999977	-0.00184747	1.03512	0.0465305	0.00215069	0.998915	15.7975	
0.999094	0.00799107	-0.0417965	1.64978	-0.00800547	0.999968	-0.000177135	1.10489	0.0417938	0.000511576	0.999126	16.5939	
0.999138	0.00936053	-0.0404332	1.75465	-0.00932276	0.999956	0.00112236	1.14435	0.0404419	-0.000744444	0.999182	17.3861	
0.999209	0.00824998	-0.0388953	1.78196	-0.00814983	0.999963	0.0027326	1.19562	0.0389164	-0.00241345	0.99924	18.1839	
0.999187	0.00832636	-0.0394512	1.77204	-0.00819294	0.99996	0.00354237	1.26366	0.0394791	-0.00321627	0.999215	18.981	
0.999297	0.00767407	-0.0366892	1.79721	-0.00755661	0.999966	0.00333902	1.33124	0.0367136	-0.00305943	0.999321	19.7777	
0.999164	0.0119077	-0.0391197	1.96695	-0.0120878	0.999917	-0.00436997	1.63253	0.0390645	0.00483919	0.999225	20.4991	
0.999198	0.0116186	-0.0383221	1.99457	-0.0118235	0.999917	-0.00512342	1.71214	0.0382594	0.00557241	0.999252	21.2947	
0.999186	0.0114127	-0.0386995	2.0473	-0.0116561	0.999914	-0.00606801	1.78156	0.0386269	0.00651415	0.999232	22.0899	
0.999258	0.0105002	-0.0370614	2.03964	-0.0108032	0.99991	-0.00798299	1.82818	0.0369742	0.00837744	0.999281	22.8885	
0.999032	0.00894126	-0.0430731	2.29843	-0.00938479	0.999905	-0.010106	1.93558	0.0429787	0.0105004	0.999021	23.6378	
0.999477	0.0128254	-0.0296827	1.91697	-0.0130282	0.999893	-0.00664771	1.89149	0.0295942	0.00703094	0.999537	24.3397	
0.99945	0.0138712	-0.0301151	1.95747	-0.0140632	0.999882	-0.00617228	1.91635	0.0300259	0.0065924	0.999527	25.1382	
0.999652	0.0120158	-0.0234954	1.94384	-0.0122338	0.999883	-0.00915647	1.95347	0.0233827	0.00944071	0.999682	25.9373	
0.999511	0.0107765	-0.0293697	2.23855	-0.011181	0.999844	-0.0136414	2.06307	0.0292181	0.0139631	0.999476	26.6729	
0.999565	0.0115865	-0.02711	2.2275	-0.0120112	0.999807	-0.0155537	2.11154	0.0269245	0.0158725	0.999511	27.4713	
0.999485	0.0128223	-0.0294265	2.28525	-0.0132612	0.999803	-0.0147698	2.13503	0.0292313	0.0151524	0.999458	28.2689	
0.999402	0.0138821	-0.0316683	2.37067	-0.0143244	0.999802	-0.0137837	2.18207	0.0314707	0.0142291	0.999403	29.0629	
0.999281	0.0134752	-0.0354504	2.48625	-0.0139941	0.999798	-0.0144311	2.24814	0.0352488	0.0149169	0.999267	29.8518	
0.998998	0.0137376	-0.0426009	2.72788	-0.0139484	0.999892	-0.00465683	1.9528	0.0425324	0.00524638	0.999081	30.5549	
0.999068	0.0129696	-0.0411728	2.73424	-0.0132125	0.999897	-0.00563434	2.01319	0.0410955	0.00617308	0.999136	31.3526	
0.998859	0.00759558	-0.0471474	2.93709	-0.00819212	0.999889	-0.0124722	2.22996	0.0470474	0.0128443	0.99881	32.0955	
0.998536	0.00515584	-0.0538403	3.15834	-0.00588703	0.999892	-0.013431	2.35327	0.0537652	0.0137283	0.998459	32.8543	
0.99822	0.00559771	-0.0593689	3.37994	-0.00620081	0.999931	-0.00997913	2.22107	0.059309	0.0103295	0.998186	33.6116	
0.998549	0.00463332	-0.0536479	3.38085	-0.00514414	0.999943	-0.00938757	2.21768	0.0536013	0.00964992	0.998516	34.4116	
0.998873	0.00546007	-0.047158	3.33621	-0.00593633	0.999933	-0.0099651	2.26871	0.0471004	0.0102338	0.998838	35.2087	
0.998635	0.00478522	-0.052019	3.55225	-0.00534947	0.999928	-0.0107132	2.31584	0.051964	0.0109769	0.998589	35.9775	
0.998218	0.00206018	-0.0596406	3.70698	-0.00299354	0.999874	-0.0155647	2.48955	0.0596011	0.0157155	0.998099	36.7429	
0.997834	0.000678281	-0.0657799	3.72944	-0.00169685	0.99988	-0.0154299	2.5681	0.0657615	0.0155081	0.997715	37.5388	
0.99735	-0.00300565	-0.0726968	3.70033	0.00191799	0.999885	-0.0150268	2.54927	0.0727337	0.0148475	0.997241	38.338	
0.996774	-0.0016075	-0.080239	3.71052	0.000587935	0.999919	-0.0127286	2.56113	0.0802529	0.0126403	0.996694	39.1379	
0.995992	-0.00142133	-0.0894258	3.9679	-2.20557e-05	0.99987	-0.0161375	2.78961	0.0894371	0.0160748	0.995863	39.86	
0.99535	-0.00145501	-0.0963107	4.02607	-0.000137931	0.999863	-0.0165309	2.88629	0.0963216	0.0164674	0.995214	40.652	
0.996943	0.00556245	-0.0779304	3.47605	-0.00691467	0.99983	-0.0170925	2.94635	0.0778221	0.0175791	0.996812	41.2299	
0.997292	0.00468348	-0.0733896	3.44259	-0.00596661	0.999833	-0.0172744	2.97965	0.0732965	0.0176655	0.997154	42.0285	
0.997151	0.00192462	-0.075407	3.68411	-0.00362019	0.999744	-0.0223553	3.21695	0.0753446	0.0225646	0.996902	42.7533	
0.997533	0.00277731	-0.0701417	3.65151	-0.0044171	0.99972	-0.0232341	3.24979	0.0700575	0.0234866	0.997266	43.5519	
0.997812	0.00443445	-0.065962	3.60065	-0.00601612	0.999699	-0.0237992	3.27281	0.0658366	0.0241439	0.997538	44.35	
0.99731	0.00318756	-0.0732298	3.85256	-0.00572922	0.999387	-0.0345242	3.51384	0.0730749	0.0348509	0.996717	45.07	
0.997457	0.00298533	-0.0712058	3.7952	-0.00541892	0.999407	-0.0340082	3.53101	0.0710621	0.0343076	0.996882	45.8678	
0.997221	0.00292785	-0.074438	3.78197	-0.00545777	0.999414	-0.0338063	3.58971	0.0742954	0.0341186	0.996652	46.6655	
0.996885	0.000654424	-0.0788713	3.8448	-0.00346133	0.999365	-0.035457	3.66326	0.078798	0.0356195	0.996254	47.4596	
0.996465	0.000443803	-0.0840109	3.80752	-0.00341347	0.999374	-0.0352082	3.71131	0.0839427	0.0353705	0.995843	48.2573	
0.995958	0.00501405	-0.0896778	3.77754	-0.00790728	0.999459	-0.0319364	3.68384	0.0894691	0.0325165	0.995459	49.0563	
0.995803	0.00532973	-0.0913707	3.76435	-0.00826199	0.999462	-0.0317437	3.71864	0.0911524	0.0323654	0.995311	49.8554	
0.995878	0.0074509	-0.0903966	3.75591	-0.0101832	0.999504	-0.0298024	3.72125	0.0901297	0.0306001	0.99546	50.6554	
0.996327	0.00641158	-0.0853939	3.70434	-0.00883021	0.99957	-0.0279757	3.74953	0.0851778	0.028627	0.995954	51.4532	
0.996885	0.00551313	-0.0786698	3.60298	-0.00779254	0.999558	-0.0286969	3.82201	0.0784768	0.0292206	0.996488	52.2434	
0.997402	0.00623315	-0.0717725	3.5439	-0.00824184	0.999582	-0.0277249	3.82953	0.0715697	0.0282444	0.997036	53.0412	
0.997958	0.00699187	-0.0634839	3.44859	-0.00884571	0.999541	-0.0289678	3.86879	0.0632523	0.0294702	0.997562	53.8346	
0.998277	0.00632156	-0.0583323	3.42533	-0.00809711	0.999509	-0.0302525	3.89646	0.0581125	0.0306727	0.997839	54.6337	
0.998439	0.00826914	-0.0552327	3.33557	-0.00994755	0.999495	-0.0301826	3.93717	0.0549552	0.0306849	0.998017	55.4276	
0.998474	0.00875677	-0.0545248	3.28504	-0.010547	0.999412	-0.0326331	4.02721	0.054207	0.0331584	0.997979	56.221	
0.998465	0.00653789	-0.0549973	3.23384	-0.00836847	0.999416	-0.0331207	4.06009	0.0547487	0.0335301	0.997937	57.0186	
0.998131	0.00757856	-0.0606316	3.40279	-0.00962458	0.999392	-0.0335245	4.09153	0.0603406	0.0340454	0.997597	57.8	
0.997796	0.00740768	-0.0659344	3.56367	-0.00978031	0.999313	-0.035735	4.18715	0.0656244	0.0363011	0.997184	58.5778	
0.997622	0.0101987	-0.0681643	3.54539	-0.0126406	0.99929	-0.0354886	4.21356	0.0677539	0.0362658	0.997043	59.3771	
0.997516	0.00757499	-0.0700283	3.59993	-0.0102996	0.999201	-0.0386286	4.31345	0.0696797	0.0392539	0.996797	60.169	
0.997664	0.00831717	-0.0678046	3.57745	-0.0110538	0.999135	-0.0400851	4.3848	0.0674126	0.040741	0.996893	60.9655	
0.997785	0.00972862	-0.0658102	3.57254	-0.0122928	0.999176	-0.0386718	4.40496	0.0653798	0.0393951	0.997082	61.7652	
0.998077	0.00983325	-0.0612022	3.51076	-0.0123039	0.999119	-0.040123	4.43839	0.0607538	0.0407989	0.997319	62.5621	
0.99834	0.0069488	-0.0571701	3.46523	-0.00930167	0.999116	-0.040993	4.47698	0.0568347	0.0414567	0.997523	63.3599	
0.998315	0.0046646	-0.0578442	3.44866	-0.0072196	0.999004	-0.0440405	4.55242	0.0575811	0.0443838	0.997354	64.1561	
0.998091	0.00526048	-0.0615337	3.43423	-0.0080071	0.998978	-0.0444751	4.57906	0.0612369	0.0448829	0.997114	64.9556	
0.998081	0.00243322	-0.0618726	3.41779	-0.00532479	0.998899	-0.0466126	4.6109	0.061691	0.0468526	0.996995	65.7548	
0.998013	0.00059263	-0.0630031	3.44665	-0.00359829	0.99886	-0.0476037	4.64137	0.0629031	0.0477359	0.996877	66.5537	
0.997936	0.000669176	-0.0642082	3.41233	-0.00369553	0.998887	-0.0470262	4.66144	0.0641052	0.0471665	0.996828	67.3527	
0.997772	0.00208892	-0.0666885	3.37639	-0.00526396	0.998859	-0.0474698	4.66855	0.0665132	0.0477151	0.996644	68.1518	
0.997457	-0.000185718	-0.0712647	3.41352	-0.00338915	0.998742	-0.0500391	4.68939	0.0711843	0.0501534	0.996202	68.9507	
0.997343	-0.000964443	-0.072846	3.36225	-0.00285533	0.998627	-0.052314	4.71885	0.0727964	0.0523829	0.99597	69.7485	
0.99717	-0.00181503	-0.0751596	3.38355	-0.00212901	0.998626	-0.0523621	4.72428	0.0751514	0.0523739	0.995796	70.5482	
0.996985	-0.000537161	-0.0775884	3.28781	-0.00356194	0.998605	-0.0526833	4.74446	0.0775084	0.0528009	0.995593	71.3422	
0.996434	0.000143174	-0.0843706	3.33927	-0.0045823	0.998614	-0.0524234	4.76688	0.0842462	0.0526231	0.995054	72.1402	
0.996009	-0.00414318	-0.0891531	3.40791	-0.000608402	0.998583	-0.0532039	4.81843	0.0892472	0.0530458	0.994596	72.9356	
0.995767	-0.00913148	-0.0914609	3.54311	0.00406829	0.998456	-0.0553932	4.86088	0.0918256	0.0547867	0.994267	73.723	
0.996028	-0.00935379	-0.0885476	3.46157	0.00437036	0.998404	-0.0563071	4.89124	0.088933	0.0556965	0.994479	74.5182	
0.99652	-0.00950448	-0.0828057	3.40618	0.00489194	0.998434	-0.055729	4.91104	0.0832057	0.05513	0.995006	75.3161	
0.996986	-0.00953791	-0.0769984	3.34985	0.00531507	0.99848	-0.054863	4.92058	0.0774046	0.0542883	0.995521	76.114	
0.997242	-0.0110406	-0.0733862	3.34308	0.00691819	0.998396	-0.0561933	4.92772	0.0738889	0.0555306	0.995719	76.914	
0.997358	-0.0120465	-0.0716402	3.31882	0.00790466	0.998296	-0.0578195	4.95629	0.0722146	0.0571004	0.995753	77.7131	
0.997411	-0.0129033	-0.0707485	3.35961	0.00871107	0.998205	-0.0592476	4.98408	0.071386	0.0584778	0.995733	78.5116	
0.997873	-0.0128809	-0.0639014	3.34042	0.00917074	0.998273	-0.0580179	4.96334	0.0645384	0.0573085	0.996268	79.3111	
0.998328	-0.0141601	-0.056047	3.35651	0.0109034	0.998258	-0.0579914	4.93787	0.0567705	0.0572833	0.996743	80.1105	
0.998658	-0.0142606	-0.0497812	3.30667	0.0113015	0.998181	-0.0592238	4.95414	0.0505352	0.0585817	0.997003	80.9088	
0.99824	-0.0169003	-0.0568474	3.55337	0.0132729	0.997888	-0.0635929	5.06474	0.0578021	0.0627264	0.996356	81.6617	
0.996927	-0.0199772	-0.0757467	4.01069	0.0148784	0.997622	-0.0672907	5.17878	0.0769109	0.0659569	0.994854	82.3081	
0.996244	-0.0184219	-0.0846101	4.00878	0.0126963	0.997624	-0.0677163	5.22003	0.0856565	0.0663878	0.99411	83.1071	
0.995751	-0.0178202	-0.0903468	3.97499	0.0119395	0.9978	-0.0652179	5.22039	0.0913102	0.0638621	0.993773	83.9063	
0.993546	-0.0224865	-0.111176	4.31621	0.013383	0.996546	-0.0819614	5.57695	0.112635	0.0799445	0.990415	84.536	
0.992008	-0.0253323	-0.123602	4.635	0.0150734	0.996416	-0.0832386	5.63765	0.125268	0.0807103	0.988835	85.2672	
0.991068	-0.0251618	-0.130963	4.58991	0.0142461	0.996395	-0.0836283	5.61988	0.132595	0.0810156	0.987854	86.0657	
0.989889	-0.0272409	-0.139206	4.57445	0.0155969	0.996338	-0.0840622	5.66362	0.140986	0.081041	0.986689	86.8644	
0.988573	-0.0279871	-0.148119	4.71984	0.0153007	0.996168	-0.0861068	5.80157	0.149961	0.0828566	0.985214	87.6389	
0.98921	-0.0288049	-0.143643	4.59412	0.0166879	0.996253	-0.0848575	5.75793	0.145549	0.0815448	0.985985	88.4277	
0.9898	-0.0297299	-0.139326	4.50841	0.0175778	0.995996	-0.0876536	5.77754	0.141374	0.0843105	0.98636	89.2229	
0.989035	-0.0304515	-0.144509	4.6595	0.0170798	0.99553	-0.0928862	5.95099	0.146692	0.0893995	0.985134	89.9891	
0.988652	-0.0286088	-0.147477	4.57324	0.0145794	0.995337	-0.0953469	5.94054	0.149517	0.0921147	0.984459	90.7844	
0.989305	-0.0307526	-0.142581	4.46391	0.0168577	0.995077	-0.0976558	5.88923	0.144882	0.0942079	0.984954	91.5752	
0.99054	-0.033835	-0.132989	4.29824	0.020597	0.994806	-0.0996856	5.85051	0.135671	0.0960034	0.986092	92.3569	
0.991465	-0.0344452	-0.12574	4.17753	0.0215522	0.9945	-0.102493	5.85426	0.128579	0.0989085	0.986755	93.1477	
0.99211	-0.0356818	-0.120184	4.03594	0.0230261	0.994196	-0.105091	5.89096	0.123236	0.101495	0.987174	93.9342	
0.992816	-0.0293397	-0.116001	3.88333	0.0175048	0.994655	-0.101756	5.84376	0.118367	0.0989948	0.988023	94.7181	
0.992992	-0.0257762	-0.115337	3.87831	0.0140796	0.994777	-0.1011	5.85059	0.117341	0.0987678	0.988168	95.5181	
0.994184	-0.0248368	-0.104796	3.79086	0.0142954	0.994868	-0.100166	5.83626	0.106746	0.0980856	0.989436	96.3132	
0.995322	-0.0241925	-0.09353	3.69057	0.0148366	0.994931	-0.0994628	5.82623	0.0954621	0.0976099	0.990636	97.1068	
0.996677	-0.0238049	-0.0779001	3.64853	0.0160498	0.994987	-0.0987052	5.81522	0.0798593	0.0971269	0.992063	97.9056	
0.99668	-0.0226163	-0.0782187	3.49736	0.0148123	0.994982	-0.0989487	5.8001	0.0800641	0.0974616	0.992014	98.691	
0.996193	-0.023029	-0.0840804	3.46869	0.0145423	0.994862	-0.100187	5.77797	0.0859556	0.0985824	0.99141	99.4902	
0.995127	-0.024674	-0.0954628	3.66188	0.0148038	0.994597	-0.102752	5.75996	0.0974823	0.100838	0.990116	100.266	
0.994877	-0.0226778	-0.0985118	3.57166	0.0121495	0.994272	-0.106187	5.75181	0.100356	0.104447	0.989454	101.061	
0.991971	-0.0252267	-0.123924	4.05553	0.0116758	0.993986	-0.108881	5.76272	0.125926	0.106559	0.9863	101.698	
0.990504	-0.0266038	-0.134886	4.30866	0.0115606	0.993741	-0.111104	5.77044	0.136998	0.10849	0.984612	102.457	
0.98968	-0.0278575	-0.140562	4.15934	0.0118936	0.993506	-0.113158	5.74163	0.142802	0.110318	0.983584	103.242	
0.988445	-0.0261503	-0.149309	4.18718	0.0088477	0.993281	-0.115393	5.76066	0.151323	0.112738	0.982034	104.042	
0.990404	-0.0256878	-0.135792	3.70191	0.0104295	0.993664	-0.111903	5.61732	0.137806	0.109413	0.984397	104.661	
0.993214	-0.0199128	-0.114583	3.16157	0.00619737	0.992895	-0.118831	5.7903	0.116135	0.117314	0.986281	105.225	
0.991412	-0.0168023	-0.12969	3.54015	0.00152746	0.993132	-0.116991	5.74715	0.130765	0.115788	0.984629	105.929	
0.991396	-0.0156046	-0.129966	3.47718	0.000501068	0.993314	-0.115442	5.73209	0.130898	0.114384	0.984775	106.726	
0.991857	-0.0132468	-0.126665	3.39057	-0.00136322	0.993415	-0.114568	5.72093	0.127348	0.113807	0.985307	107.521	
0.992128	-0.0139914	-0.124444	3.3368	-0.000299154	0.993471	-0.114082	5.69258	0.125227	0.113222	0.985646	108.319	
0.992492	-0.0104309	-0.121861	3.30048	-0.00361057	0.993424	-0.11444	5.66101	0.122253	0.114021	0.985928	109.118	
0.990593	-0.0151988	-0.135994	3.72583	-0.000717977	0.993222	-0.116234	5.69694	0.136839	0.115238	0.983868	109.794	
0.988197	-0.0197102	-0.151915	4.0887	0.00097409	0.992476	-0.122432	5.82568	0.153185	0.120839	0.980781	110.496	
0.987689	-0.0233329	-0.154683	3.9942	0.00383244	0.992126	-0.125185	5.81843	0.156386	0.123051	0.980001	111.29	
0.986459	-0.0279206	-0.161611	3.92842	0.0070439	0.991706	-0.128336	5.80146	0.163854	0.125459	0.978474	112.087	
0.985409	-0.0306766	-0.167417	3.81428	0.00907034	0.991691	-0.128325	5.76273	0.169963	0.124934	0.977499	112.878	
0.983794	-0.0315971	-0.176496	3.71375	0.00880428	0.991676	-0.128459	5.71548	0.179086	0.124823	0.975883	113.67	
0.981372	-0.0309645	-0.189605	3.63342	0.0064216	0.991661	-0.128711	5.67941	0.192009	0.125096	0.973388	114.465	
0.979231	-0.0303178	-0.20047	3.55631	0.00458381	0.991814	-0.127606	5.59764	0.202697	0.124037	0.971354	115.257	
0.977498	-0.0314304	-0.208589	3.45872	0.0029414	0.990772	-0.135507	5.74595	0.210923	0.131844	0.96857	116.037	
0.975335	-0.0329599	-0.218256	3.41988	0.00296842	0.990658	-0.136339	5.72407	0.220711	0.132328	0.966321	116.836	
0.975091	-0.0320972	-0.219472	3.2671	0.0018943	0.990643	-0.136463	5.6677	0.221798	0.132648	0.966028	117.619	
0.973699	-0.0317273	-0.225619	3.21212	-0.000224711	0.990123	-0.140204	5.66528	0.227838	0.136568	0.964074	118.418	
0.975357	-0.0308967	-0.218457	2.87756	-0.00040955	0.989891	-0.14183	5.64602	0.220631	0.138425	0.965485	119.144	
0.976506	-0.0331109	-0.212933	2.65381	0.00172868	0.989297	-0.145907	5.71656	0.215486	0.142111	0.966111	119.909	
0.979239	-0.0339928	-0.199837	2.34968	0.00131865	0.986887	-0.16141	6.09201	0.202704	0.157795	0.966443	120.546	
0.980294	-0.032502	-0.19485	2.28662	0.00145381	0.987532	-0.157411	5.99443	0.197537	0.154026	0.968119	121.338	
0.982086	-0.0311537	-0.185838	2.17021	-0.00238984	0.984099	-0.177603	6.2934	0.188416	0.174866	0.966396	122.071	
0.983335	-0.029178	-0.179447	2.11515	-0.00441041	0.982918	-0.18399	6.38372	0.18175	0.181716	0.966409	122.864	
0.985338	-0.0287078	-0.168181	1.99038	-0.00272546	0.982968	-0.183757	6.30979	0.170591	0.181521	0.968478	123.65	
0.986735	-0.0279532	-0.159917	1.96434	-0.00190669	0.983001	-0.183592	6.21454	0.16233	0.181462	0.969908	124.444	
0.990762	-0.0247449	-0.133336	1.77257	-0.000676077	0.982298	-0.187321	6.26311	0.135611	0.185681	0.973207	125.219	
0.994081	-0.0198674	-0.106806	1.74821	-0.000263739	0.982692	-0.185249	6.18021	0.108638	0.184181	0.97687	126.015	
0.997823	-0.0136734	-0.0645188	1.69098	0.00166242	0.983176	-0.182654	6.13089	0.0659308	0.182149	0.981058	126.811	
0.999837	-0.0119052	-0.0135572	1.56738	0.00920815	0.98288	-0.184015	6.09075	0.0155159	0.183861	0.98283	127.601	
0.999754	-0.00975895	0.0199194	1.52373	0.0132669	0.982764	-0.18439	6.04557	-0.0177766	0.184608	0.982651	128.398	
0.997654	-0.00783318	0.068012	1.5518	0.0204047	0.982304	-0.186177	6.00589	-0.0653501	0.187128	0.980159	129.197	
0.994298	-0.00455619	0.106539	1.41096	0.0242677	0.982539	-0.184465	5.93286	-0.103838	0.185999	0.977048	129.981	
0.986303	-0.00185217	0.164935	1.39149	0.033056	0.981871	-0.186647	5.89867	-0.161599	0.189543	0.968483	130.78	
0.977825	-0.00522286	0.209358	1.62638	0.0414019	0.98478	-0.168804	5.6117	-0.20529	0.173728	0.963159	131.489	
0.97519	-0.00456496	0.221321	2.19451	0.0434099	0.984319	-0.170971	5.62135	-0.21707	0.176337	0.960097	132.052	
0.970051	-0.00636458	0.242819	2.7242	0.0499705	0.983503	-0.173851	5.61718	-0.237706	0.180778	0.954366	132.651	
0.965155	0.00260447	0.261667	3.37592	0.0434009	0.984508	-0.169883	5.6113	-0.258056	0.17532	0.95009	133.115	
0.962615	-0.00434058	0.270837	3.89365	0.0530694	0.983516	-0.172858	5.60446	-0.265622	0.180769	0.946978	133.725	
0.951661	-0.00949105	0.307002	4.35371	0.0635927	0.983953	-0.166709	5.57751	-0.300494	0.178173	0.936994	134.379	
0.939059	-0.00646969	0.343695	5.04043	0.0662918	0.984464	-0.162594	5.56498	-0.337303	0.17547	0.924898	134.789	
0.915183	0.00118461	0.403038	4.36672	0.0673848	0.98547	-0.155908	5.57664	-0.397366	0.169843	0.901806	134.358	
0.887164	0.0043949	0.461434	3.7018	0.0725201	0.986201	-0.148822	5.5884	-0.45572	0.165493	0.874603	133.913	
0.867104	0.00510312	0.498101	3.03367	0.0774853	0.986394	-0.144994	5.59834	-0.492064	0.16432	0.854911	133.473	
0.8366	0.00291153	0.547807	3.74949	0.0861773	0.986836	-0.136853	5.44756	-0.540994	0.1617	0.825336	133.797	
0.816695	0.00500042	0.577047	3.06692	0.0877095	0.987269	-0.132691	5.45502	-0.570365	0.15898	0.805859	133.38	
0.79265	0.00466723	0.609659	3.68298	0.0935758	0.987191	-0.12922	5.44192	-0.602453	0.159476	0.78206	133.89	
0.770183	0.00359233	0.637812	4.29013	0.0996415	0.987029	-0.12588	5.25999	-0.629991	0.160503	0.759835	134.378	
0.748415	0.00537503	0.663209	4.91289	0.100134	0.987589	-0.121003	5.24443	-0.655628	0.15697	0.738588	134.88	
0.723846	0.00468472	0.689945	4.31154	0.103758	0.987866	-0.115564	5.43957	-0.682115	0.155239	0.714577	134.39	
0.707544	0.00387982	0.706658	4.99337	0.107259	0.98781	-0.112817	5.44116	-0.698482	0.155619	0.698503	134.809	
0.685708	0.00320037	0.72787	5.6162	0.111227	0.987785	-0.109128	5.43126	-0.719328	0.155789	0.676976	135.311	
0.668898	0.00179252	0.743352	4.96525	0.115369	0.98763	-0.106195	5.46602	-0.734347	0.156793	0.660417	134.847	
0.656479	0.0016988	0.754342	5.60793	0.115744	0.987929	-0.102953	5.45148	-0.745412	0.154897	0.648358	135.323	
0.649916	-0.000595474	0.760006	6.23981	0.12036	0.987461	-0.102152	5.32747	-0.750415	0.157864	0.641838	135.798	
0.644155	-0.00107439	0.764894	6.85819	0.120885	0.987575	-0.100416	5.08162	-0.755282	0.157147	0.636281	136.242	
0.634285	-0.000803271	0.773099	7.45564	0.120576	0.987865	-0.0978996	5.04951	-0.763639	0.155314	0.626684	136.773	
0.623479	-0.000656795	0.78184	8.05955	0.121302	0.987972	-0.0959027	5.04563	-0.772373	0.154632	0.61606	137.297	
0.61446	-0.00128665	0.788947	8.75886	0.123327	0.987862	-0.0944406	5.09514	-0.779249	0.155329	0.60716	137.683	
0.60908	-0.00124677	0.793108	9.43638	0.123367	0.987976	-0.0931887	5.08448	-0.783455	0.154603	0.60191	138.108	
0.602856	-0.00236715	0.797846	10.0941	0.125225	0.987882	-0.0916897	4.96299	-0.787961	0.155186	0.595847	138.547	
0.597216	-0.0128646	0.801978	9.43093	0.135923	0.987033	-0.0853859	5.18886	-0.79048	0.160001	0.59122	138.161	
0.592219	-0.0189563	0.805554	9.9415	0.137748	0.987389	-0.0780329	4.89949	-0.793916	0.157176	0.587362	138.704	
0.597962	-0.0216365	0.801233	9.15033	0.139782	0.987132	-0.0776634	5.00333	-0.789242	0.158438	0.593291	138.762	
0.600918	-0.0237204	0.798959	9.74732	0.141525	0.986924	-0.077144	4.92233	-0.786682	0.15943	0.596417	139.288	
0.608603	-0.0239814	0.793113	10.3879	0.14306	0.98648	-0.0799501	4.94286	-0.780472	0.16212	0.603805	139.767	
0.616663	-0.023202	0.786886	11.0134	0.141013	0.986654	-0.0814161	4.94954	-0.774495	0.161167	0.611705	140.266	
0.624991	-0.0272642	0.780156	10.2246	0.144403	0.98618	-0.0812183	5.07919	-0.76716	0.163417	0.620291	140.298	
0.624651	-0.0280741	0.780399	10.8467	0.141658	0.986847	-0.0778854	5.01191	-0.767948	0.159201	0.620412	140.797	
0.624146	-0.0298972	0.780736	11.4899	0.14455	0.986436	-0.0777835	5.08664	-0.76782	0.161403	0.620001	141.267	
0.62188	-0.0329873	0.782417	12.1547	0.147331	0.9862	-0.0755225	5.07077	-0.769129	0.16224	0.618158	141.711	
0.619067	-0.0333656	0.784629	12.727	0.148854	0.985971	-0.0755173	5.04311	-0.771102	0.163545	0.615349	142.27	
0.622045	-0.0311688	0.782361	13.3396	0.147499	0.985982	-0.0779934	5.02585	-0.768963	0.163913	0.617923	142.784	
0.620957	-0.0309848	0.783232	13.9427	0.146384	0.986223	-0.0770399	4.98436	-0.770055	0.162491	0.616938	143.308	
0.619846	-0.0298917	0.784154	14.6161	0.148686	0.985647	-0.0799583	5.10554	-0.770508	0.166154	0.615394	143.722	
0.61662	-0.0303323	0.786676	15.2536	0.149195	0.985652	-0.0789388	5.09294	-0.772995	0.166043	0.612298	144.206	
0.613482	-0.0293443	0.789163	15.8899	0.148522	0.985764	-0.0788036	5.0954	-0.775616	0.165552	0.609107	144.691	
0.608643	-0.0288579	0.792919	16.5202	0.148839	0.985751	-0.0783731	5.0663	-0.779359	0.165719	0.604266	145.182	
0.604281	-0.0279696	0.79628	17.1507	0.150029	0.985501	-0.0792378	5.04713	-0.782519	0.167347	0.599716	145.674	
0.602582	-0.0287282	0.79754	17.7861	0.151999	0.98519	-0.0793556	5.0258	-0.783449	0.169044	0.598024	146.16	
0.604284	-0.028041	0.796276	18.4703	0.148542	0.985824	-0.0780108	4.99425	-0.782801	0.165421	0.599883	146.573	
0.600617	-0.0257704	0.799121	19.0717	0.14637	0.986133	-0.07821	5.01805	-0.786025	0.163942	0.596061	147.1	
0.59587	-0.0256781	0.80267	19.7104	0.14567	0.986365	-0.0765849	5.0305	-0.789759	0.162559	0.591486	147.582	
0.591753	-0.0273093	0.805657	20.3616	0.146862	0.986352	-0.0744359	5.04727	-0.792628	0.162368	0.587688	148.046	
0.586686	-0.0258313	0.809402	21.0268	0.14417	0.986856	-0.0730057	5.06226	-0.796878	0.159523	0.582699	148.49	
0.581494	-0.0262896	0.813126	21.6273	0.142078	0.9874	-0.0696809	4.96156	-0.801048	0.156046	0.577903	149.009	
0.575585	-0.0268488	0.817301	22.3116	0.143558	0.987257	-0.0686691	4.95481	-0.805042	0.156855	0.572105	149.424	
0.568111	-0.0279376	0.822478	22.841	0.145818	0.987027	-0.0671943	4.94071	-0.80993	0.158106	0.564815	150.023	
0.568965	-0.0287282	0.82186	23.4927	0.148984	0.986453	-0.0686582	4.98126	-0.808754	0.161508	0.565537	150.486	
0.576475	-0.0281225	0.816631	24.1479	0.147419	0.986588	-0.0700903	4.95988	-0.803707	0.160792	0.572888	150.944	
0.582909	-0.027865	0.81206	24.7812	0.14744	0.986448	-0.0719856	4.96791	-0.799049	0.161691	0.579117	151.433	
0.58796	-0.0304234	0.808318	25.5237	0.150824	0.985891	-0.0726006	4.99744	-0.794705	0.1646	0.584253	151.729	
0.592965	-0.0309613	0.804633	26.2057	0.152144	0.985569	-0.0741974	4.97288	-0.790724	0.166417	0.589118	152.147	
0.606203	-0.0313739	0.794691	26.8437	0.150556	0.985681	-0.0759326	4.92753	-0.78093	0.165676	0.602246	152.627	
0.611876	-0.0309822	0.790346	27.5442	0.150135	0.985616	-0.0775958	4.94086	-0.776574	0.166138	0.607726	153.013	
0.613561	-0.0316423	0.789013	28.1678	0.148096	0.986078	-0.075619	4.87045	-0.775636	0.163247	0.609705	153.509	
0.612773	-0.0355017	0.789461	28.7503	0.151524	0.985733	-0.0732839	4.72346	-0.775597	0.164529	0.60941	154.038	
0.618993	-0.0379928	0.784477	29.4601	0.154523	0.985198	-0.0742127	4.71723	-0.770045	0.167157	0.615702	154.407	
0.630011	-0.0380408	0.775654	30.1025	0.15346	0.985203	-0.076327	4.68723	-0.761273	0.167119	0.626526	154.882	
0.639148	-0.036455	0.768219	30.7333	0.148714	0.985882	-0.0769441	4.66351	-0.754569	0.163424	0.635546	155.374	
0.643428	-0.0350955	0.764702	31.3863	0.145966	0.986245	-0.0775544	4.72673	-0.751461	0.161521	0.6397	155.832	
0.646371	-0.036714	0.76214	32.0498	0.14638	0.986256	-0.0766347	4.66869	-0.748851	0.161097	0.642861	156.275	
0.648727	-0.0393367	0.760004	32.707	0.143952	0.986977	-0.0717905	4.44331	-0.747283	0.155977	0.645941	156.671	
0.644024	-0.0358795	0.764163	33.213	0.143914	0.986747	-0.0749579	4.54951	-0.751347	0.158249	0.640653	157.282	
0.643173	-0.0342967	0.764952	33.8491	0.146297	0.986098	-0.0787949	4.66938	-0.751615	0.162589	0.639249	157.752	
0.638394	-0.0327749	0.769012	34.469	0.1441	0.986517	-0.0775793	4.6596	-0.756101	0.160341	0.634509	158.258	
0.630946	-0.0317491	0.775177	35.1463	0.141506	0.987111	-0.0747475	4.5802	-0.762812	0.156853	0.627307	158.676	
0.617939	-0.0330258	0.785532	35.7852	0.143214	0.98713	-0.0711574	4.50503	-0.773073	0.15647	0.614716	159.152	
0.606795	-0.0359246	0.794046	36.4492	0.147762	0.986663	-0.0682777	4.43031	-0.781003	0.15876	0.604011	159.591	
0.598951	-0.0347407	0.800032	37.0546	0.151251	0.985984	-0.0704195	4.49772	-0.786372	0.163183	0.59581	160.11	
0.588352	-0.0198298	0.808362	37.3557	0.153642	0.984229	-0.0876814	4.89462	-0.793874	0.175785	0.58212	160.736	
0.587959	-0.0191917	0.808663	37.9797	0.153873	0.984117	-0.0885216	4.912	-0.79412	0.176478	0.581574	161.236	
0.592274	-0.018373	0.805527	38.6707	0.152403	0.984248	-0.0896073	4.89829	-0.791192	0.175837	0.585745	161.639	
0.596618	-0.0178586	0.802326	39.3647	0.150515	0.984502	-0.0900111	4.88651	-0.788284	0.174465	0.59006	162.037	
0.602735	-0.0202267	0.797685	40.1403	0.152593	0.984151	-0.0903453	4.74897	-0.783215	0.176176	0.596268	162.177	
0.606572	-0.0193461	0.794793	40.7636	0.149621	0.984619	-0.0902212	4.74931	-0.780823	0.173643	0.600137	162.678	
0.610839	-0.0217794	0.791455	41.4481	0.152334	0.984178	-0.0904869	4.70673	-0.776962	0.175838	0.604492	163.09	
0.615434	-0.0227509	0.78786	42.1682	0.15541	0.983463	-0.0929985	4.71262	-0.772715	0.179676	0.608793	163.438	
0.616833	-0.0223585	0.786777	42.8044	0.156858	0.983038	-0.0950405	4.68588	-0.771306	0.182036	0.609877	163.923	
0.620945	-0.0207891	0.783578	43.5015	0.155128	0.983136	-0.0968476	4.6782	-0.76835	0.181692	0.613698	164.315	
0.617416	-0.0168447	0.786456	44.0241	0.158728	0.981874	-0.103581	4.80996	-0.770456	0.188786	0.608898	164.906	
0.621309	-0.0176418	0.783367	44.7098	0.159864	0.981572	-0.104687	4.78648	-0.767084	0.190275	0.61268	165.318	
0.626005	-0.0167346	0.779639	45.3353	0.158596	0.981607	-0.106274	4.75765	-0.763521	0.190176	0.617145	165.816	
0.631326	-0.0192084	0.775279	46.0563	0.160127	0.98138	-0.10608	4.55092	-0.758806	0.191115	0.622647	166.094	
0.633268	-0.0184754	0.773712	46.6325	0.159409	0.981393	-0.107038	4.49251	-0.757338	0.19112	0.624429	166.646	
0.638045	-0.0178699	0.769791	47.342	0.159462	0.981124	-0.109395	4.47979	-0.753306	0.192551	0.628851	167.015	
0.643132	-0.0189064	0.765522	48.1069	0.161527	0.980551	-0.111485	4.55845	-0.748526	0.195352	0.633677	167.236	
0.637541	-0.01698	0.770229	48.7711	0.158069	0.981371	-0.109204	4.52438	-0.754026	0.191372	0.628348	167.681	
0.627126	-0.0178219	0.778714	49.442	0.159592	0.981469	-0.106063	4.49315	-0.762393	0.190791	0.618349	168.115	
0.623146	-0.0186209	0.781884	50.1608	0.161677	0.98119	-0.105486	4.52562	-0.765212	0.192146	0.614435	168.465	
0.623836	-0.0219873	0.781246	50.9146	0.167357	0.980176	-0.106051	4.56976	-0.763427	0.196905	0.615149	168.729	
0.618614	-0.0216375	0.785397	51.5552	0.169563	0.979741	-0.106564	4.61088	-0.76718	0.199096	0.60975	169.207	
0.614882	-0.0247959	0.788229	52.224	0.174349	0.979047	-0.105207	4.60274	-0.769105	0.202117	0.606322	169.645	
0.613545	-0.0254844	0.789249	52.7936	0.177742	0.978288	-0.106585	4.56913	-0.769396	0.205677	0.604753	170.206	
0.623297	-0.0236994	0.781626	53.4161	0.174958	0.978428	-0.109852	4.55786	-0.762162	0.205222	0.613998	170.709	
0.62872	-0.0227717	0.777299	54.0583	0.172337	0.978796	-0.11072	4.51466	-0.758295	0.203569	0.619313	171.184	
0.630015	-0.0235703	0.776225	54.7012	0.172075	0.97893	-0.109938	4.49999	-0.757279	0.202832	0.620797	171.66	
0.629853	-0.0262477	0.776271	55.3835	0.17478	0.978586	-0.108725	4.52327	-0.756794	0.204157	0.620953	172.077	
0.628454	-0.0262334	0.777404	56.0355	0.173422	0.979001	-0.107158	4.54338	-0.758268	0.202163	0.619806	172.54	
0.62833	-0.0278145	0.77745	56.6623	0.175435	0.978684	-0.106772	4.55586	-0.757908	0.20348	0.619816	173.037	
0.629462	-0.0291571	0.776484	57.292	0.173239	0.979409	-0.10366	4.51462	-0.757473	0.199768	0.621552	173.528	
0.628663	-0.028215	0.777166	57.9399	0.169333	0.98033	-0.101385	4.47889	-0.759019	0.195337	0.621075	173.996	
0.624286	-0.0278919	0.780698	58.5782	0.169044	0.980507	-0.100146	4.5083	-0.762687	0.194492	0.616832	174.478	
0.61808	-0.0272297	0.785644	59.2151	0.167897	0.980912	-0.0980899	4.51737	-0.767977	0.192535	0.610854	174.962	
0.613798	-0.0272348	0.788993	59.833	0.169857	0.980554	-0.0982935	4.53951	-0.770974	0.194349	0.606488	175.469	
0.608763	-0.0264711	0.792911	60.4978	0.169289	0.980759	-0.0972304	4.52814	-0.77508	0.193421	0.601531	175.914	
0.60446	-0.0249438	0.796245	61.1511	0.169454	0.980662	-0.0979182	4.48389	-0.778404	0.194115	0.596998	176.374	
0.601688	-0.0277822	0.798248	61.8612	0.174115	0.979923	-0.0971358	4.45076	-0.779522	0.197432	0.594445	176.741	
0.59045	-0.0208163	0.806806	62.2623	0.172759	0.979756	-0.101153	4.55021	-0.788368	0.199109	0.582093	177.426	
0.59179	-0.022563	0.805776	62.9885	0.174982	0.979368	-0.101089	4.49745	-0.786871	0.20082	0.583529	177.757	
0.597374	-0.0233681	0.801622	63.7609	0.176515	0.978894	-0.103004	4.50353	-0.782296	0.20303	0.58889	177.966	
0.602786	-0.0230208	0.797571	64.4412	0.175661	0.978888	-0.104507	4.47483	-0.778326	0.203097	0.594104	178.386	
0.609137	-0.0232542	0.792724	65.1543	0.175675	0.978694	-0.106281	4.48905	-0.773363	0.204001	0.600244	178.748	
0.615007	-0.022504	0.788201	65.89	0.176557	0.978143	-0.109835	4.50682	-0.768501	0.206711	0.605538	179.062	
0.61795	-0.0225898	0.785893	66.5523	0.177255	0.977855	-0.111269	4.47432	-0.765975	0.208063	0.60827	179.509	
0.622221	-0.0230015	0.782503	67.2912	0.178903	0.977294	-0.113531	4.44994	-0.762125	0.210634	0.612208	179.815	
0.624972	-0.0187322	0.780423	67.8946	0.173144	0.978139	-0.115178	4.433	-0.761204	0.207109	0.614552	180.34	
0.627114	-0.0187708	0.778701	68.5555	0.174742	0.977619	-0.117159	4.41276	-0.759074	0.209544	0.616359	180.79	
0.626299	-0.0185577	0.779362	69.189	0.175321	0.977461	-0.117614	4.39567	-0.759613	0.2103	0.615437	181.278	
0.61569	-0.0104444	0.787919	69.4959	0.173673	0.977122	-0.122758	4.5226	-0.768612	0.212421	0.603418	182.006	
0.615965	-0.0106725	0.787701	70.1614	0.174659	0.976873	-0.123344	4.50799	-0.768167	0.213555	0.603584	182.45	
0.61483	-0.0112127	0.78858	70.841	0.174271	0.977113	-0.12198	4.458	-0.769164	0.212424	0.602713	182.869	
0.609278	-0.011673	0.79287	71.4731	0.173747	0.977559	-0.119123	4.40701	-0.773687	0.210338	0.597634	183.357	
0.60368	-0.0131155	0.797118	72.1499	0.175995	0.977389	-0.117205	4.39275	-0.777557	0.211043	0.592339	183.783	
0.596859	-0.0141039	0.802222	72.8245	0.178423	0.977143	-0.115569	4.35413	-0.782256	0.212113	0.585733	184.211	
0.589209	-0.0159878	0.807822	73.5222	0.180768	0.977069	-0.112511	4.35905	-0.787499	0.212322	0.578588	184.603	
0.586746	-0.0174875	0.809582	74.1606	0.183953	0.976507	-0.112227	4.32467	-0.7886	0.214774	0.576179	185.084	
0.591474	-0.0163202	0.806159	74.8295	0.183277	0.976346	-0.114704	4.30089	-0.785219	0.215595	0.580474	185.522	
0.59628	-0.0169313	0.802598	75.4815	0.185497	0.975627	-0.117231	4.26532	-0.781052	0.218782	0.584887	185.984	
0.605185	-0.0148436	0.795947	76.1843	0.183219	0.975583	-0.121114	4.27431	-0.774714	0.219129	0.593128	186.366	
0.609975	-0.0136902	0.792302	76.8314	0.181924	0.975564	-0.123202	4.2402	-0.771255	0.219289	0.597561	186.835	
0.614529	-0.0145216	0.788761	77.5372	0.182892	0.975213	-0.124538	4.28731	-0.767402	0.22079	0.601952	187.209	
0.622552	-0.0112747	0.782497	78.2801	0.179836	0.975198	-0.129026	4.52162	-0.761635	0.221046	0.609139	187.391	
0.629801	-0.0128157	0.776651	78.9463	0.181179	0.974708	-0.130838	4.50189	-0.755331	0.223115	0.616194	187.833	
0.639587	-0.0129521	0.76861	79.5615	0.180884	0.974319	-0.134101	4.4662	-0.747135	0.224799	0.625504	188.344	
0.649007	-0.0124755	0.76068	80.1951	0.176519	0.975049	-0.134613	4.38878	-0.740021	0.221639	0.635016	188.826	
0.658344	0.00387067	0.752707	80.813	0.167193	0.974255	-0.151243	4.8011	-0.733914	0.225417	0.640748	189.123	
0.663151	0.00259554	0.748481	81.4642	0.168249	0.973885	-0.152445	4.78994	-0.729331	0.227025	0.645396	189.587	
0.666722	0.00343548	0.745298	82.0857	0.168227	0.973489	-0.154978	4.77605	-0.726072	0.228706	0.648469	190.091	
0.673512	0.00483213	0.73916	82.6939	0.167475	0.972976	-0.158962	4.70872	-0.719954	0.230854	0.654502	190.606	
0.680532	0.000955956	0.732718	83.414	0.167453	0.973332	-0.156796	4.44489	-0.713328	0.2294	0.662223	190.834	
0.684096	0.0164647	0.729206	83.978	0.161595	0.97148	-0.173533	4.87438	-0.711266	0.23655	0.661925	191.205	
0.680892	0.0136657	0.732257	84.53	0.15968	0.973003	-0.166638	4.60938	-0.714765	0.230389	0.660327	191.72	
0.675466	0.01126	0.737305	85.059	0.15741	0.974634	-0.159092	4.22354	-0.720394	0.223521	0.65656	192.179	
0.670403	0.00972035	0.741933	85.622	0.158063	0.975092	-0.155599	3.95678	-0.724966	0.221586	0.652169	192.681	
0.662709	0.0278979	0.748357	86.0184	0.159559	0.9711	-0.1775	4.36498	-0.731681	0.237038	0.639105	193.243	
0.659311	0.0283425	0.751336	86.6168	0.158244	0.971675	-0.175516	4.25526	-0.735029	0.234614	0.636151	193.763	
0.656575	0.0275734	0.753756	87.1785	0.158396	0.972007	-0.173532	4.14488	-0.737441	0.233329	0.633828	194.322	
0.651878	0.0290057	0.757768	87.7045	0.156354	0.972656	-0.171737	4.01835	-0.742029	0.230432	0.629518	194.911	
0.649936	0.0318105	0.759323	88.2979	0.157183	0.971894	-0.175256	3.96339	-0.743556	0.233258	0.626669	195.445	
0.646549	0.0329894	0.762159	88.9179	0.159784	0.971049	-0.177578	3.91668	-0.745951	0.236593	0.622559	195.948	
0.643234	0.0319962	0.765001	89.5629	0.162376	0.9707	-0.17713	3.84453	-0.748254	0.238153	0.619192	196.416	
0.634345	0.0449254	0.771744	89.9829	0.163831	0.967821	-0.191003	4.08121	-0.755491	0.247597	0.606572	197.054	
0.630547	0.0464217	0.774761	90.569	0.163062	0.968009	-0.19071	4.00432	-0.758829	0.246586	0.602805	197.593	
0.630638	0.0475436	0.774619	91.2228	0.160073	0.968691	-0.189774	3.91343	-0.759389	0.243674	0.603283	198.045	
0.628936	0.0481011	0.775968	91.8635	0.15982	0.968769	-0.18959	3.82035	-0.760853	0.243255	0.601606	198.515	
0.626179	0.0495433	0.778103	92.5136	0.159885	0.968611	-0.190341	3.74775	-0.76311	0.243595	0.598603	198.976	
0.628567	0.0489255	0.776215	93.1343	0.171042	0.964891	-0.199325	3.87584	-0.758715	0.258055	0.59813	199.464	
0.626989	0.0485748	0.777512	93.7712	0.170405	0.965333	-0.197725	3.76632	-0.760162	0.256463	0.596976	199.936	
0.625746	0.048241	0.778534	94.4302	0.170719	0.965418	-0.197036	3.66346	-0.761116	0.256205	0.595871	200.377	
0.622282	0.0476978	0.781338	95.0765	0.173431	0.964935	-0.197032	3.55413	-0.763339	0.258118	0.59219	200.836	
0.617752	0.0488712	0.784853	95.727	0.17394	0.964853	-0.196986	3.46729	-0.766895	0.258206	0.587539	201.294	
0.61327	0.0489086	0.788358	96.361	0.175185	0.964802	-0.196133	3.33935	-0.770201	0.258391	0.583116	201.764	
0.603258	0.0759675	0.79392	96.8043	0.18796	0.953872	-0.234093	3.60897	-0.775081	0.290444	0.561152	202.373	
0.601508	0.0753228	0.795308	97.4465	0.190105	0.95345	-0.234081	3.47796	-0.775917	0.291994	0.559188	202.832	
0.603591	0.073767	0.793874	98.0934	0.194303	0.95208	-0.236198	3.38798	-0.773255	0.29682	0.560334	203.294	
0.608865	0.0701085	0.79017	98.7138	0.20156	0.949725	-0.239577	3.27448	-0.76724	0.305136	0.564123	203.786	
0.617685	0.070148	0.783291	99.357	0.196608	0.950612	-0.240173	3.13008	-0.761453	0.302352	0.573387	204.239	
0.622074	0.0709749	0.779735	100.071	0.195341	0.950321	-0.242346	3.0439	-0.758199	0.303071	0.577306	204.59	
0.612914	0.062748	0.787654	100.435	0.201887	0.951318	-0.232885	2.61531	-0.763923	0.301756	0.570408	205.159	
0.608358	0.068389	0.790711	101.061	0.203448	0.949554	-0.238656	2.68621	-0.767144	0.306057	0.563755	205.653	
0.602885	0.068233	0.794905	101.656	0.206294	0.949122	-0.237931	2.55024	-0.770696	0.307429	0.558135	206.169	
0.597814	0.0694241	0.798623	102.317	0.206495	0.949287	-0.237094	2.38337	-0.774583	0.30665	0.553161	206.588	
0.592332	0.0707152	0.802585	102.988	0.208267	0.948846	-0.23731	2.26321	-0.778311	0.307718	0.547304	207.007	
0.586541	0.0694121	0.80694	103.652	0.212744	0.948131	-0.236194	2.14058	-0.781479	0.310209	0.54135	207.435	
0.579417	0.0698924	0.812029	104.183	0.213093	0.948669	-0.233704	1.92343	-0.786681	0.30845	0.534782	207.994	
0.577272	0.0684309	0.81368	104.837	0.213172	0.949296	-0.231073	1.78627	-0.788235	0.306846	0.533414	208.432	
0.578518	0.069082	0.812739	105.478	0.210865	0.949869	-0.230834	1.66946	-0.787942	0.30492	0.534949	208.897	
0.582081	0.0683553	0.810252	106.154	0.209977	0.950027	-0.230994	1.5226	-0.785551	0.304592	0.53864	209.299	
0.586774	0.0690027	0.806805	106.869	0.210129	0.949255	-0.234009	1.48917	-0.782012	0.306843	0.542499	209.657	
0.5927	0.0689077	0.80247	107.539	0.208018	0.949434	-0.235169	1.36281	-0.778097	0.306313	0.548395	210.075	
0.598236	0.067889	0.798439	108.224	0.207613	0.94925	-0.236267	1.24651	-0.773957	0.30711	0.553781	210.471	
0.603065	0.0687848	0.794721	108.889	0.205945	0.949074	-0.238424	1.13616	-0.770648	0.307454	0.558187	210.902	
0.607821	0.0698895	0.790993	109.568	0.203178	0.949272	-0.240002	0.979463	-0.767641	0.306591	0.562787	211.295	
