0.999932	0.00320105	-0.0112064	-0.0502823	-0.003209	0.999995	-0.000691713	0.0208381	0.0112041	0.000727627	0.999937	-0.998518	
0.999815	0.00514369	-0.0185594	-0.0537599	-0.00515114	0.999987	-0.00035335	0.0177856	0.0185574	0.000448887	0.999828	-1.99851	
0.999809	0.0083577	-0.0176688	-0.137339	-0.00834075	0.999965	0.00103289	0.0250813	0.0176768	-0.00088532	0.999843	-2.99498	
0.999844	0.00994793	-0.0145651	-0.149418	-0.00991718	0.999948	0.00218158	0.0521166	0.014586	-0.0020368	0.999892	-3.99454	
0.999899	0.0126416	-0.00654028	-0.180234	-0.0126179	0.999914	0.00364388	0.0445763	0.00658578	-0.00356098	0.999972	-4.99404	
0.999887	0.0142318	0.00488748	-0.10407	-0.0142569	0.999885	0.00513383	0.0549725	-0.00481385	-0.00520293	0.999975	-5.99108	
0.999657	0.0136817	0.0223353	-0.110112	-0.0138043	0.99989	0.00534643	0.0360073	-0.0222597	-0.00565292	0.999736	-6.99088	
0.999077	0.00912701	0.0419645	-0.109492	-0.00935805	0.999942	0.0053125	0.0225394	-0.0419136	-0.00570031	0.999105	-7.99079	
0.998154	0.00552592	0.0604821	0.0157639	-0.00591669	0.999963	0.00628376	0.0217837	-0.0604451	-0.00663001	0.99815	-8.98292	
0.99666	0.00517389	0.0815012	-0.0507326	-0.00572995	0.999962	0.00659032	0.0145784	-0.081464	-0.0070353	0.996651	-9.98068	
0.994819	0.00662292	0.101448	-0.0531307	-0.00726951	0.999956	0.00600526	0.00665413	-0.101403	-0.00671162	0.994823	-10.9806	
0.99276	0.00804741	0.119847	-0.0471304	-0.00868112	0.999951	0.00476651	0.0157348	-0.119802	-0.0057724	0.992781	-11.9806	
0.990601	0.00656986	0.136629	-0.0996915	-0.00721244	0.999965	0.00420864	0.00426294	-0.136596	-0.00515451	0.990613	-12.9791	
0.988228	0.00593297	0.152875	-0.189104	-0.00644089	0.999975	0.00282747	0.0303135	-0.152855	-0.00377884	0.988241	-13.9748	
0.986022	0.005403	0.166527	-0.330253	-0.00595805	0.999978	0.00283373	0.0284357	-0.166508	-0.0037863	0.986033	-14.9648	
0.984008	0.00642781	0.178008	-0.456435	-0.00716476	0.999968	0.00349746	0.042557	-0.17798	-0.00471691	0.984023	-15.9567	
0.982437	0.00902966	0.186376	-0.575793	-0.0102964	0.99993	0.00582958	0.0467019	-0.186311	-0.0076462	0.982461	-16.9495	
0.980943	0.00767608	0.194142	-0.733522	-0.0093354	0.999927	0.00763346	0.0464332	-0.194069	-0.00930039	0.980944	-17.937	
0.979629	0.00746319	0.200679	-0.831582	-0.00936979	0.99992	0.00855258	0.0508038	-0.200599	-0.0102587	0.97962	-18.9322	
0.97792	0.00719877	0.208858	-1.02612	-0.00996189	0.999876	0.0121808	0.0196685	-0.208744	-0.0139924	0.97787	-19.9126	
0.976231	0.0105707	0.216477	-1.19391	-0.0138386	0.999812	0.0135854	0.0176694	-0.216293	-0.0162582	0.976193	-20.8984	
0.974347	0.0159536	0.224485	-1.44014	-0.01979	0.999694	0.01485	0.0105423	-0.224179	-0.0189116	0.974364	-21.8676	
0.972341	0.0157943	0.233033	-1.63187	-0.0203044	0.99965	0.0169676	-0.00561037	-0.232683	-0.0212299	0.972321	-22.8489	
0.970256	0.00918294	0.241908	-1.89538	-0.01473	0.999668	0.0211319	-0.0223276	-0.241634	-0.0240666	0.970069	-23.8134	
0.96813	0.00482187	0.250402	-2.09557	-0.0111087	0.999657	0.0236995	-0.0322135	-0.250202	-0.0257258	0.967852	-24.7931	
0.965873	0.00644457	0.258937	-2.32301	-0.0135248	0.999582	0.0255715	-0.0610163	-0.258663	-0.0282009	0.965556	-25.7665	
0.963328	0.0079302	0.268209	-2.61461	-0.0160531	0.999476	0.0281061	-0.0948188	-0.267846	-0.031381	0.962951	-26.7224	
0.961139	0.00755483	0.27596	-2.79778	-0.0166272	0.999395	0.0305507	-0.132693	-0.275562	-0.0339519	0.960683	-27.7048	
0.95873	0.00496117	0.284274	-3.06704	-0.0152079	0.999311	0.0338494	-0.160732	-0.283911	-0.0367756	0.958145	-28.6674	
0.956453	0.00332392	0.291868	-3.34137	-0.0152631	0.999137	0.0386387	-0.188869	-0.291487	-0.0414109	0.955678	-29.6287	
0.954729	0.000178265	0.297477	-3.60711	-0.0145429	0.998832	0.0460757	-0.226199	-0.297121	-0.048316	0.953617	-30.592	
0.953544	-0.0037141	0.301231	-3.87144	-0.0130831	0.99847	0.0537253	-0.266067	-0.30097	-0.0551704	0.952037	-31.5556	
0.952248	-0.00930989	0.305183	-4.15871	-0.0102024	0.998007	0.0622793	-0.317002	-0.305154	-0.0624189	0.950255	-32.5121	
0.950983	-0.0146566	0.308897	-4.40849	-0.00742452	0.997506	0.0701874	-0.35995	-0.309155	-0.0690404	0.948502	-33.4794	
0.949738	-0.0196336	0.312431	-4.69852	-0.00479539	0.997002	0.0772302	-0.434742	-0.31301	-0.0748467	0.946796	-34.4335	
0.948145	-0.0252878	0.316832	-4.95024	-0.00135995	0.996498	0.083605	-0.510437	-0.317836	-0.0797005	0.94479	-35.3984	
0.946722	-0.0299442	0.320657	-5.23759	0.0013049	0.996017	0.0891594	-0.591715	-0.322049	-0.0839908	0.94299	-36.3527	
0.944592	-0.0355143	0.326319	-5.55736	0.00489656	0.995544	0.0941739	-0.67217	-0.32821	-0.0873581	0.940557	-37.2968	
0.942733	-0.0414916	0.330957	-5.87705	0.00886082	0.994998	0.0995013	-0.803552	-0.33343	-0.0908706	0.938385	-38.2352	
0.940802	-0.0429111	0.336229	-6.19105	0.00959069	0.994927	0.100142	-0.883556	-0.33882	-0.0909887	0.936441	-39.1812	
0.938477	-0.04308	0.342645	-6.53791	0.00966234	0.995076	0.0986445	-0.962649	-0.345207	-0.0892648	0.934272	-40.1158	
0.93651	-0.0433673	0.347947	-6.84778	0.0100378	0.995231	0.097026	-1.04259	-0.350496	-0.0873732	0.93248	-41.0632	
0.934053	-0.0423044	0.354621	-7.18984	0.00892424	0.995414	0.0952415	-1.12929	-0.357024	-0.0857958	0.930147	-41.9989	
0.93104	-0.0415342	0.362546	-7.51746	0.00841823	0.995682	0.0924494	-1.20786	-0.36482	-0.0830221	0.927369	-42.9404	
0.927817	-0.0395617	0.370931	-7.87264	0.00770468	0.996181	0.0869759	-1.29105	-0.372955	-0.0778398	0.924579	-43.8715	
0.924222	-0.0398547	0.379769	-8.23324	0.00900934	0.996537	0.0826555	-1.37225	-0.381749	-0.0729706	0.921381	-44.8007	
0.920538	-0.0412006	0.388474	-8.60022	0.0111822	0.996794	0.07922	-1.43983	-0.390493	-0.0685811	0.918048	-45.7285	
0.91665	-0.0409204	0.39759	-8.98067	0.0106008	0.996884	0.07816	-1.51976	-0.39955	-0.0674306	0.914228	-46.6498	
0.912646	-0.0405443	0.406736	-9.36599	0.00954352	0.996911	0.0779602	-1.58859	-0.40864	-0.0672684	0.910213	-47.57	
0.90882	-0.0404963	0.415218	-9.77857	0.00923779	0.996987	0.077017	-1.65645	-0.417086	-0.0661589	0.906456	-48.4784	
0.905403	-0.0410535	0.422563	-10.1767	0.0100937	0.997114	0.0752458	-1.71262	-0.424433	-0.0638626	0.903204	-49.394	
0.901949	-0.0376173	0.430202	-10.566	0.00681557	0.997315	0.0729168	-1.78008	-0.43179	-0.0628351	0.899783	-50.3126	
0.898368	-0.0351263	0.437836	-10.9897	0.00539318	0.997604	0.068969	-1.83719	-0.43921	-0.0595983	0.896406	-51.2166	
0.895187	-0.0360632	0.44423	-11.4021	0.0085069	0.997922	0.0638701	-1.86774	-0.44561	-0.0533966	0.893633	-52.1271	
0.891457	-0.0336855	0.451851	-11.8508	0.00739183	0.998181	0.0598311	-1.90867	-0.453044	-0.0499969	0.890085	-53.0199	
0.888008	-0.0305338	0.458814	-12.2884	0.00450864	0.998323	0.0577116	-1.9577	-0.459806	-0.0491798	0.886656	-53.9177	
0.88473	-0.0291586	0.465191	-12.7532	0.00309382	0.998387	0.0566959	-2.00614	-0.466094	-0.0487213	0.883393	-54.8018	
0.881652	-0.0283864	0.471046	-13.2285	0.00285632	0.998492	0.0548254	-2.0482	-0.471892	-0.0469915	0.880403	-55.6806	
0.878966	-0.0255971	0.476197	-13.7177	0.000569898	0.998614	0.0526268	-2.08114	-0.476884	-0.0459858	0.877762	-56.5522	
0.877311	-0.0244315	0.4793	-14.1297	-0.00147235	0.998562	0.053595	-2.13952	-0.47992	-0.0477252	0.876013	-57.4615	
0.875221	-0.0268574	0.482977	-14.6197	0.000448632	0.998502	0.0547117	-2.17068	-0.483723	-0.0476681	0.873922	-58.3326	
0.872337	-0.0257007	0.488229	-15.1119	-0.00156728	0.998465	0.0553601	-2.24351	-0.488903	-0.0490579	0.870958	-59.2001	
0.872274	-0.0254192	0.488356	-15.5886	-0.00119987	0.998534	0.0541173	-2.28204	-0.489016	-0.0477911	0.870965	-60.0783	
0.871754	-0.0239292	0.489359	-16.0677	-0.00200378	0.998624	0.0524013	-2.32712	-0.489939	-0.0466617	0.870507	-60.9549	
0.871729	-0.0221935	0.489486	-16.5563	-0.00408108	0.99861	0.0525454	-2.38411	-0.489972	-0.0478029	0.870426	-61.8255	
0.871201	-0.0208011	0.490486	-17.0434	-0.0064703	0.998529	0.0538392	-2.43684	-0.490885	-0.0500783	0.869784	-62.6973	
0.870497	-0.0195556	0.491785	-17.53	-0.00829026	0.998486	0.0543788	-2.47872	-0.492104	-0.0514136	0.869017	-63.5699	
0.869056	-0.0178511	0.494392	-18.023	-0.00907355	0.998606	0.0520065	-2.51652	-0.494631	-0.0496825	0.867682	-64.4391	
0.86691	-0.0154594	0.498224	-18.528	-0.00995371	0.998783	0.0483107	-2.55949	-0.498365	-0.0468402	0.865701	-65.3012	
0.864478	-0.0117667	0.502533	-19.0146	-0.0120983	0.998949	0.0442021	-2.59185	-0.502525	-0.0442916	0.863427	-66.1742	
0.860742	-0.0102023	0.508939	-19.5063	-0.0131239	0.999022	0.0422223	-2.61852	-0.508872	-0.0430217	0.859766	-67.0445	
0.855553	-0.00916391	0.517635	-20.0176	-0.0162439	0.998876	0.0445316	-2.64987	-0.517461	-0.0465076	0.854442	-67.9034	
0.850141	-0.00877025	0.526482	-20.5122	-0.0189414	0.998705	0.0472224	-2.67715	-0.526214	-0.050118	0.848874	-68.7721	
0.844069	-0.00767738	0.53618	-21.0409	-0.0202673	0.998726	0.0462057	-2.71043	-0.535852	-0.0498677	0.842838	-69.6202	
0.838324	-0.0056344	0.545143	-21.5767	-0.0200314	0.998953	0.0411292	-2.74562	-0.544804	-0.0453996	0.837333	-70.4638	
0.833106	-0.00626747	0.553079	-22.1317	-0.016948	0.999177	0.0368516	-2.76767	-0.552854	-0.0400749	0.832314	-71.2954	
0.828783	-0.0078349	0.559515	-22.7051	-0.0165007	0.999125	0.0384325	-2.79062	-0.559326	-0.0410846	0.827929	-72.1144	
0.825863	-0.0104962	0.563774	-23.2257	-0.0165147	0.998948	0.0427903	-2.82801	-0.56363	-0.0446494	0.82482	-72.9673	
0.822516	-0.0161734	0.568512	-23.7862	-0.0146531	0.998661	0.0496105	-2.86214	-0.568554	-0.0491359	0.821177	-73.7948	
0.819419	-0.0161596	0.572967	-24.334	-0.0157626	0.998589	0.0507062	-2.8987	-0.572978	-0.0505811	0.818009	-74.6306	
0.816255	-0.0135779	0.577532	-24.9008	-0.0164754	0.99877	0.0467668	-2.93633	-0.577457	-0.0476887	0.815027	-75.4536	
0.81282	-0.0101404	0.582427	-25.4875	-0.0174195	0.998978	0.041703	-2.96787	-0.582255	-0.0440426	0.811813	-76.2628	
0.809992	-0.00853782	0.586379	-26.0661	-0.017713	0.999082	0.0390147	-3.00191	-0.586173	-0.0419881	0.809097	-77.0777	
0.806551	-0.00958095	0.591087	-26.6634	-0.0170734	0.999074	0.039491	-3.03206	-0.590918	-0.0419434	0.805641	-77.8791	
0.802815	-0.0104118	0.596137	-27.2532	-0.0179752	0.99897	0.0416545	-3.07675	-0.595957	-0.0441566	0.801802	-78.6855	
0.799293	-0.0101967	0.600856	-27.8276	-0.0204982	0.998812	0.0442181	-3.1066	-0.600592	-0.0476597	0.798134	-79.5035	
0.794828	-0.00992182	0.606753	-28.442	-0.021545	0.998775	0.0445556	-3.14007	-0.606452	-0.0484865	0.793641	-80.2918	
0.790186	-0.00927028	0.612797	-29.0625	-0.0219324	0.998817	0.0433912	-3.16075	-0.612474	-0.0477272	0.789048	-81.0757	
0.785322	-0.0084648	0.619029	-29.6639	-0.0226724	0.998843	0.0424215	-3.18671	-0.618672	-0.0473494	0.784221	-81.8742	
0.780029	-0.00856724	0.625685	-30.2802	-0.0239635	0.998764	0.0435505	-3.21682	-0.625284	-0.0489643	0.77886	-82.6612	
0.774367	-0.0081826	0.632684	-30.9157	-0.0257327	0.998682	0.0444114	-3.25243	-0.632213	-0.0506713	0.773136	-83.4324	
0.768979	-0.0078208	0.639226	-31.5325	-0.0278782	0.998564	0.0457542	-3.30555	-0.638666	-0.0530045	0.767656	-84.2178	
0.763989	-0.00805085	0.645179	-32.1343	-0.0285611	0.99852	0.0462807	-3.32847	-0.644596	-0.0537849	0.762629	-85.0161	
0.75852	-0.00834623	0.651597	-32.7636	-0.029013	0.998494	0.0465635	-3.34511	-0.651004	-0.0542241	0.757135	-85.7931	
0.75213	-0.0063532	0.658984	-33.4128	-0.0318171	0.998437	0.0459403	-3.37918	-0.658246	-0.05552	0.750753	-86.5529	
0.745647	-0.00445275	0.666326	-34.076	-0.0335629	0.998457	0.0442305	-3.41617	-0.665495	-0.0553441	0.744347	-87.3005	
0.740476	-0.00359394	0.672074	-34.7254	-0.0342352	0.998486	0.043059	-3.44099	-0.671211	-0.0548928	0.739231	-88.0605	
0.733994	-0.00242082	0.679151	-35.3942	-0.0369053	0.998374	0.0434442	-3.4701	-0.678152	-0.0569521	0.732712	-88.8034	
0.728018	-0.00226751	0.685554	-36.0426	-0.0384318	0.998287	0.0441142	-3.49508	-0.68448	-0.058463	0.726684	-89.5642	
0.721919	-0.00216458	0.691975	-36.714	-0.0384482	0.998325	0.0432349	-3.52169	-0.690909	-0.0578172	0.720626	-90.3049	
0.716643	-0.000734487	0.69744	-37.3956	-0.0388327	0.998406	0.0409533	-3.53373	-0.696358	-0.0564324	0.715472	-91.0365	
0.711742	-0.00116283	0.70244	-38.1086	-0.037813	0.998485	0.0399667	-3.54617	-0.701422	-0.0550074	0.71062	-91.7375	
0.707177	-0.0021677	0.707033	-38.7917	-0.039796	0.998288	0.0428648	-3.61076	-0.705916	-0.0584501	0.70588	-92.465	
0.702028	-0.00475822	0.712134	-39.4859	-0.0398425	0.998149	0.0459463	-3.65213	-0.711034	-0.0606288	0.700539	-93.1836	
0.696816	-0.00671871	0.717219	-40.2025	-0.0408274	0.997963	0.0490147	-3.69806	-0.716087	-0.0634364	0.695122	-93.8795	
0.691269	-0.00758076	0.722558	-40.9228	-0.0409317	0.997929	0.049629	-3.74483	-0.721437	-0.0638825	0.689527	-94.5716	
0.685687	-0.00540706	0.727876	-41.6473	-0.0442166	0.997816	0.049066	-3.8105	-0.726552	-0.0658281	0.683951	-95.2579	
0.678441	-0.00395544	0.734644	-42.4148	-0.0460806	0.997787	0.0479275	-3.85221	-0.733208	-0.0663688	0.676757	-95.8975	
0.673567	-0.00342839	0.739118	-43.1361	-0.0478404	0.99769	0.0482252	-3.89623	-0.737576	-0.0678426	0.671847	-96.5887	
0.668782	-0.00272956	0.743454	-43.8751	-0.0496222	0.997599	0.0483008	-3.93443	-0.741801	-0.0691946	0.667041	-97.2614	
0.664232	-0.00170531	0.747524	-44.6294	-0.0509413	0.997569	0.0475409	-3.96938	-0.745789	-0.0696581	0.662531	-97.9169	
0.659905	-0.000278314	0.751349	-45.3833	-0.0528779	0.997503	0.0468118	-3.99938	-0.749486	-0.0706211	0.658242	-98.5732	
0.656796	0.000474691	0.754068	-46.1098	-0.0564299	0.997227	0.0485228	-4.0547	-0.751954	-0.0744216	0.655001	-99.2581	
0.654613	0.000535897	0.755964	-46.8346	-0.0603438	0.996846	0.051547	-4.09871	-0.753552	-0.0793611	0.652581	-99.9458	
0.651073	0.00260388	0.759011	-47.5737	-0.0650436	0.996507	0.0523752	-4.1373	-0.756223	-0.0834689	0.648968	-100.618	
0.642952	0.00527012	0.765889	-48.3738	-0.0705851	0.996128	0.0524007	-4.18802	-0.762647	-0.0877515	0.640835	-101.216	
0.634869	0.00880796	0.77257	-49.1381	-0.0770836	0.995668	0.051993	-4.23281	-0.768765	-0.0925611	0.632798	-101.859	
0.626006	0.0122607	0.779722	-49.9116	-0.0812651	0.995458	0.0495913	-4.27572	-0.775573	-0.0944086	0.624159	-102.492	
0.618874	0.0155901	0.785335	-50.6231	-0.0833359	0.995463	0.0459105	-4.32428	-0.781057	-0.0938595	0.617366	-103.193	
0.610371	0.0166233	0.791941	-51.3815	-0.0848285	0.995402	0.0444856	-4.36478	-0.78756	-0.0943319	0.608975	-103.843	
0.600712	0.014635	0.799332	-52.1811	-0.0846951	0.995371	0.0454256	-4.40086	-0.794967	-0.0949871	0.599171	-104.443	
0.590829	0.0141367	0.806673	-52.9729	-0.0867629	0.995161	0.0461076	-4.44143	-0.802118	-0.097231	0.589196	-105.052	
0.582147	0.0141322	0.812961	-53.7607	-0.088308	0.995033	0.0459386	-4.47299	-0.808274	-0.098534	0.580504	-105.667	
0.573123	0.0181864	0.819267	-54.5429	-0.0931957	0.994714	0.0431146	-4.51482	-0.814152	-0.101062	0.571789	-106.289	
0.561369	0.0197549	0.82733	-55.3825	-0.0963179	0.994481	0.0416086	-4.56082	-0.821941	-0.103044	0.560174	-106.83	
0.55134	0.0203189	0.834033	-56.202	-0.0980562	0.994353	0.0405957	-4.59074	-0.828498	-0.104164	0.550219	-107.402	
0.540775	0.0198563	0.840933	-57.027	-0.09998	0.994152	0.0408195	-4.63057	-0.835205	-0.106151	0.539597	-107.966	
0.530249	0.0187277	0.847635	-57.8743	-0.0987482	0.994316	0.0398048	-4.64651	-0.842072	-0.104809	0.529084	-108.497	
0.520813	0.0173331	0.853495	-58.7158	-0.0984582	0.994342	0.0398869	-4.67053	-0.847974	-0.104807	0.519573	-109.037	
0.512065	0.0175232	0.858768	-59.5432	-0.0990241	0.99433	0.0387565	-4.70509	-0.85322	-0.104885	0.510896	-109.597	
0.503951	0.019744	0.863507	-60.3902	-0.0986091	0.994517	0.0348097	-4.72059	-0.858085	-0.102692	0.503135	-110.129	
0.496559	0.0224805	0.867712	-61.2524	-0.0996686	0.994529	0.0312706	-4.74074	-0.862262	-0.102011	0.496083	-110.635	
0.488345	0.0219492	0.872374	-62.119	-0.0999073	0.994517	0.0309047	-4.76444	-0.866913	-0.102249	0.487861	-111.133	
0.481033	0.0208444	0.876455	-62.9881	-0.101899	0.994271	0.03228	-4.78504	-0.870761	-0.104838	0.480401	-111.627	
0.474313	0.0205871	0.880116	-63.8578	-0.106175	0.993767	0.0339746	-4.81687	-0.87393	-0.109561	0.473542	-112.12	
0.468451	0.0192638	0.883279	-64.7339	-0.107632	0.99356	0.0354141	-4.84082	-0.876909	-0.111659	0.467508	-112.601	
0.462321	0.0191566	0.886506	-65.6208	-0.111362	0.993105	0.0366161	-4.85733	-0.879692	-0.115651	0.461267	-113.063	
0.45953	0.0198342	0.887941	-66.4872	-0.112627	0.992981	0.0361068	-4.87474	-0.880992	-0.116599	0.458538	-113.562	
0.454471	0.0236139	0.890449	-67.3955	-0.112647	0.993146	0.0311559	-4.87055	-0.88361	-0.114466	0.454016	-113.98	
0.45068	0.0285942	0.892227	-68.286	-0.116189	0.992864	0.0268698	-4.88318	-0.885092	-0.115777	0.450786	-114.435	
0.447647	0.0304655	0.893691	-69.1716	-0.117746	0.992726	0.0251372	-4.89746	-0.886424	-0.116481	0.447978	-114.899	
0.444476	0.0323527	0.895206	-70.0778	-0.118203	0.992727	0.0228116	-4.88457	-0.887958	-0.115955	0.445068	-115.322	
0.442989	0.0343838	0.895867	-70.9653	-0.119392	0.992626	0.0209394	-4.89276	-0.888542	-0.116235	0.443828	-115.783	
0.44042	0.0368591	0.897035	-71.8599	-0.122045	0.99234	0.0191458	-4.90634	-0.889458	-0.117911	0.441545	-116.23	
0.439441	0.0382457	0.897457	-72.7471	-0.121953	0.992383	0.0174233	-4.86861	-0.889954	-0.117104	0.440758	-116.689	
0.435856	0.0399681	0.899129	-73.6457	-0.127183	0.991724	0.017568	-4.89946	-0.890985	-0.122011	0.437332	-117.127	
0.434267	0.0441726	0.899701	-74.5467	-0.127861	0.991706	0.0130262	-4.85697	-0.891664	-0.120694	0.436313	-117.559	
0.432538	0.0466906	0.900406	-75.4419	-0.129083	0.991577	0.0105909	-4.83982	-0.892328	-0.120808	0.434922	-118.004	
0.430319	0.0476953	0.901416	-76.3446	-0.132009	0.991192	0.010573	-4.8308	-0.892972	-0.123544	0.432825	-118.434	
0.427369	0.0469546	0.902857	-77.2552	-0.135294	0.990726	0.0125172	-4.85719	-0.893897	-0.1275	0.429758	-118.847	
0.425744	0.0449627	0.903726	-78.1719	-0.134928	0.990753	0.0142718	-4.86094	-0.894727	-0.128014	0.427873	-119.246	
0.426937	0.0449839	0.903162	-79.0717	-0.130385	0.991388	0.0122566	-4.79271	-0.894832	-0.122992	0.429125	-119.677	
0.429598	0.0440628	0.901945	-79.9653	-0.128124	0.991678	0.0125791	-4.77644	-0.893885	-0.120965	0.431668	-120.126	
0.432341	0.0409951	0.900778	-80.8774	-0.12628	0.991874	0.0154689	-4.79826	-0.892824	-0.120438	0.434005	-120.535	
0.438597	0.0383458	0.897865	-81.7631	-0.12492	0.991991	0.0186565	-4.81977	-0.889959	-0.120344	0.439875	-120.999	
0.441191	0.0360896	0.896687	-82.6952	-0.123445	0.992133	0.020807	-4.84312	-0.888882	-0.119872	0.442175	-121.36	
0.446945	0.0350113	0.893876	-83.6069	-0.120872	0.992434	0.0215655	-4.8606	-0.886358	-0.117684	0.447795	-121.771	
0.453138	0.0341552	0.890786	-84.5193	-0.118646	0.992686	0.0222924	-4.87362	-0.88351	-0.11579	0.453876	-122.18	
0.461237	0.0328572	0.886668	-85.4161	-0.117667	0.992753	0.0244208	-4.9004	-0.87944	-0.115595	0.461761	-122.622	
0.47052	0.0322786	0.881799	-86.3012	-0.115411	0.992997	0.0252331	-4.90134	-0.874809	-0.113642	0.470951	-123.087	
0.479048	0.0294879	0.877293	-87.2012	-0.113611	0.993112	0.0286564	-4.92023	-0.870406	-0.113398	0.479098	-123.522	
0.48939	0.0262718	0.871669	-88.0746	-0.110744	0.993326	0.0322376	-4.92501	-0.865005	-0.112309	0.489033	-124.009	
0.5006	0.0228804	0.865376	-88.9549	-0.106791	0.993647	0.0355043	-4.93284	-0.859066	-0.110188	0.499864	-124.484	
0.512788	0.0227295	0.858214	-89.8129	-0.103633	0.993978	0.0355963	-4.93797	-0.852237	-0.107193	0.512056	-124.997	
0.527731	0.0228709	0.849104	-90.6401	-0.101104	0.994222	0.0360582	-4.96686	-0.843373	-0.104877	0.526994	-125.559	
0.539762	0.0230207	0.841503	-91.484	-0.099074	0.994416	0.0363447	-5.00017	-0.835968	-0.102989	0.539028	-126.094	
0.5527	0.0227253	0.833071	-92.3106	-0.0974638	0.994531	0.0375325	-5.02372	-0.827662	-0.101938	0.551892	-126.656	
0.567577	0.0226998	0.823007	-93.0964	-0.0966885	0.994541	0.0392492	-5.04	-0.817623	-0.101852	0.566673	-127.275	
0.57853	0.0210885	0.815388	-93.9246	-0.0956112	0.994527	0.0421159	-5.05956	-0.810038	-0.102326	0.577381	-127.835	
0.589682	0.0211769	0.807358	-94.7328	-0.0963243	0.994365	0.0442717	-5.08488	-0.801871	-0.103874	0.588399	-128.423	
0.600612	0.0211221	0.799261	-95.5337	-0.0954277	0.994399	0.045431	-5.1105	-0.793825	-0.103558	0.599264	-129.021	
0.610477	0.0215356	0.791741	-96.3271	-0.0937368	0.994569	0.0452238	-5.14615	-0.786468	-0.101823	0.60918	-129.629	
0.620913	0.0240151	0.783512	-97.1024	-0.0932055	0.994702	0.0433747	-5.17627	-0.778319	-0.0999595	0.619861	-130.26	
0.632612	0.0230605	0.774125	-97.847	-0.09082	0.994869	0.0445815	-5.22186	-0.769125	-0.0985088	0.63146	-130.926	
0.644097	0.0210282	0.764655	-98.6075	-0.0876165	0.995071	0.0464379	-5.24324	-0.759909	-0.0969069	0.642765	-131.575	
0.654308	0.0185097	0.756002	-99.361	-0.084894	0.995179	0.0491088	-5.28349	-0.751448	-0.0963123	0.652725	-132.231	
0.663762	0.0178079	0.747732	-100.098	-0.0836584	0.995211	0.0505617	-5.32655	-0.743251	-0.096115	0.662073	-132.906	
0.672513	0.0180455	0.739865	-100.835	-0.0813417	0.995448	0.0496576	-5.35199	-0.735602	-0.0935772	0.67092	-133.581	
0.681226	0.0192977	0.731818	-101.565	-0.0802532	0.995596	0.0484518	-5.37973	-0.727661	-0.0917375	0.679775	-134.264	
0.689317	0.0196571	0.724193	-102.298	-0.0796246	0.995631	0.0487651	-5.40774	-0.720071	-0.0912782	0.687871	-134.944	
0.697533	0.0184899	0.716314	-103.007	-0.0780075	0.995685	0.0502609	-5.4457	-0.712294	-0.0909365	0.695965	-135.648	
0.7045	0.0178783	0.709478	-103.714	-0.076071	0.995826	0.0504432	-5.47018	-0.705615	-0.089508	0.70292	-136.355	
0.712179	0.0188673	0.701745	-104.413	-0.0741545	0.996068	0.0484764	-5.49883	-0.698071	-0.0865614	0.710777	-137.069	
0.719922	0.0195903	0.693778	-105.103	-0.0720514	0.99631	0.0466335	-5.52256	-0.690305	-0.0835602	0.718677	-137.792	
0.727007	0.0192175	0.686362	-105.793	-0.0701639	0.996455	0.046419	-5.54194	-0.683036	-0.0819047	0.725778	-138.516	
0.73399	0.0178033	0.678927	-106.476	-0.0680542	0.996553	0.0474413	-5.57249	-0.675742	-0.0810253	0.732671	-139.245	
0.742305	0.0160517	0.669869	-107.133	-0.0642696	0.996809	0.0473334	-5.60711	-0.666972	-0.0781881	0.740969	-139.998	
0.750594	0.0170543	0.660543	-107.808	-0.0624922	0.997018	0.04527	-5.63281	-0.657802	-0.0752583	0.749422	-140.736	
0.759567	0.0174828	0.650194	-108.464	-0.0597239	0.99729	0.0429547	-5.6566	-0.647681	-0.0714591	0.758553	-141.491	
0.768687	0.0166839	0.639407	-109.154	-0.0577865	0.997383	0.0434458	-5.69409	-0.637009	-0.0703453	0.76764	-142.213	
0.777878	0.0146116	0.628245	-109.794	-0.0551499	0.99746	0.0450865	-5.7203	-0.625991	-0.0697195	0.776708	-142.981	
0.787265	0.0129352	0.616479	-110.433	-0.054038	0.997381	0.0480808	-5.75523	-0.614243	-0.0711657	0.785902	-143.75	
0.797536	0.0122332	0.603147	-111.035	-0.0520821	0.997458	0.0486371	-5.78642	-0.601019	-0.070203	0.796146	-144.548	
0.807703	0.0129286	0.589448	-111.626	-0.0510785	0.997535	0.0481121	-5.82471	-0.587373	-0.0689684	0.806373	-145.354	
0.817447	0.014086	0.575832	-112.222	-0.0496022	0.997709	0.0460089	-5.8526	-0.573865	-0.0661724	0.816272	-146.156	
0.826871	0.0153042	0.562183	-112.79	-0.0486861	0.997825	0.0444449	-5.87665	-0.56028	-0.0641207	0.825818	-146.979	
0.835502	0.0171785	0.549219	-113.364	-0.048834	0.997878	0.0430773	-5.9284	-0.547313	-0.0628118	0.834568	-147.796	
0.843455	0.0185325	0.536881	-113.905	-0.0485444	0.997945	0.0418167	-5.95524	-0.535003	-0.061333	0.842621	-148.636	
0.850066	0.0201407	0.526292	-114.447	-0.0487332	0.99799	0.0405216	-5.97411	-0.524417	-0.0600939	0.849338	-149.477	
0.856494	0.0202602	0.51576	-114.973	-0.0483388	0.997986	0.0410705	-6.00633	-0.513889	-0.0601079	0.855748	-150.327	
0.863678	0.0190032	0.503686	-115.456	-0.0462895	0.998057	0.0417184	-6.0266	-0.501914	-0.0593466	0.862879	-151.202	
0.870151	0.0176395	0.492469	-115.962	-0.0435502	0.998202	0.0411954	-6.04398	-0.490857	-0.0572934	0.869354	-152.064	
0.876546	0.017408	0.481003	-116.436	-0.0426086	0.998229	0.04152	-6.06047	-0.479428	-0.056889	0.875735	-152.944	
0.882186	0.0177241	0.470568	-116.923	-0.0426155	0.998196	0.0422948	-6.09288	-0.468969	-0.0573654	0.88135	-153.817	
0.886693	0.01877	0.461977	-117.405	-0.0439268	0.998076	0.0437591	-6.12628	-0.460267	-0.0590941	0.885812	-154.693	
0.891774	0.0181513	0.452117	-117.814	-0.0428727	0.998089	0.0444932	-6.14421	-0.450446	-0.0590614	0.890848	-155.605	
0.895204	0.0179751	0.445293	-118.261	-0.0420743	0.998132	0.0442936	-6.18549	-0.443666	-0.0583872	0.894288	-156.499	
0.898784	0.0188969	0.437984	-118.678	-0.0410797	0.998305	0.0412274	-6.21551	-0.436463	-0.0550468	0.898037	-157.407	
0.90182	0.0184834	0.431716	-119.119	-0.0383154	0.99857	0.0372854	-6.24458	-0.430409	-0.0501661	0.901239	-158.304	
0.905524	0.0180366	0.42391	-119.508	-0.036123	0.998746	0.0346684	-6.25207	-0.422753	-0.046706	0.90504	-159.226	
0.908536	0.0173689	0.417446	-119.971	-0.0342369	0.99887	0.0329531	-6.29299	-0.416402	-0.0442311	0.908104	-160.111	
0.911032	0.0180405	0.41194	-120.436	-0.0339817	0.998929	0.0314056	-6.33117	-0.410932	-0.0426099	0.91067	-160.996	
0.914549	0.0187722	0.404039	-120.8	-0.0330965	0.999046	0.0284976	-6.33034	-0.403118	-0.0394348	0.914298	-161.927	
0.918115	0.0211137	0.39575	-121.196	-0.0347896	0.999019	0.0274109	-6.36634	-0.394783	-0.0389344	0.917949	-162.844	
0.921165	0.0223639	0.388529	-121.609	-0.0353807	0.999026	0.0263799	-6.37589	-0.38756	-0.0380467	0.921059	-163.755	
0.924865	0.0230261	0.379597	-121.984	-0.0358724	0.998997	0.0268025	-6.39414	-0.378599	-0.0384057	0.924764	-164.682	
0.928485	0.0249561	0.370531	-122.346	-0.0378901	0.998899	0.0276678	-6.40679	-0.369433	-0.0397286	0.928408	-165.614	
0.932299	0.0249616	0.360825	-122.706	-0.037911	0.998864	0.0288536	-6.41494	-0.359695	-0.0405794	0.932187	-166.547	
0.936554	0.0244096	0.349672	-123.094	-0.0378497	0.998782	0.0316538	-6.44969	-0.348473	-0.0428805	0.936337	-167.468	
0.941543	0.0218231	0.336186	-123.45	-0.0349063	0.998848	0.0329214	-6.47484	-0.335081	-0.0427319	0.94122	-168.402	
0.947247	0.0193245	0.31992	-123.783	-0.0312975	0.998987	0.0323256	-6.50057	-0.318971	-0.040633	0.946893	-169.345	
0.953383	0.0173447	0.301264	-124.091	-0.0276342	0.99917	0.0299261	-6.52044	-0.300495	-0.0368563	0.953071	-170.296	
0.959907	0.0143593	0.279951	-124.363	-0.0231795	0.999333	0.028221	-6.52863	-0.279359	-0.0335787	0.9596	-171.258	
0.965748	0.0133102	0.259138	-124.664	-0.0212381	0.999387	0.0278178	-6.54652	-0.258609	-0.0323686	0.965439	-172.212	
0.970996	0.0130328	0.23874	-124.946	-0.0199855	0.999443	0.0267246	-6.56992	-0.238259	-0.0307208	0.970716	-173.171	
0.976144	0.0136561	0.216694	-125.158	-0.0192732	0.99953	0.0238298	-6.57977	-0.216267	-0.0274378	0.975949	-174.148	
0.980929	0.0117957	0.194009	-125.358	-0.016087	0.999659	0.0205583	-6.59094	-0.1937	-0.0232873	0.980784	-175.128	
0.985113	0.0118146	0.171499	-125.549	-0.0148644	0.999753	0.0165103	-6.59396	-0.171261	-0.0188138	0.985046	-176.109	
0.988698	0.0114609	0.149485	-125.73	-0.013576	0.999822	0.0131361	-6.58652	-0.149308	-0.0150171	0.988677	-177.093	
0.991839	0.00975783	0.127122	-125.866	-0.0115106	0.999848	0.0130606	-6.58375	-0.126975	-0.0144172	0.991801	-178.083	
0.994362	0.0104584	0.105524	-125.99	-0.012123	0.999812	0.0151447	-6.59091	-0.105346	-0.0163386	0.994301	-179.076	
0.996363	0.0101191	0.0846034	-126.085	-0.01152	0.999804	0.0160869	-6.59102	-0.0844241	-0.017003	0.996285	-180.071	
0.997943	0.0104313	0.0632453	-126.142	-0.0113323	0.999839	0.0139052	-6.59162	-0.0630901	-0.0145933	0.997901	-181.069	
0.999035	0.010162	0.0427285	-126.19	-0.0106838	0.999871	0.0120011	-6.59119	-0.042601	-0.0124461	0.999015	-182.068	
0.999704	0.00965885	0.0223376	-126.222	-0.00990585	0.999891	0.0109731	-6.58819	-0.0222292	-0.0111911	0.99969	-183.068	
0.999956	0.00890625	0.00286011	-126.254	-0.00893591	0.999905	0.0105302	-6.58614	-0.00276606	-0.0105553	0.99994	-184.067	
0.999809	0.00866716	-0.0175113	-126.252	-0.00849649	0.999916	0.00979758	-6.58239	0.0175947	-0.00964693	0.999799	-185.067	
0.999267	0.00681159	-0.0376617	-126.23	-0.0064391	0.999929	0.010003	-6.57701	0.0377271	-0.00975313	0.99924	-186.067	
0.998315	0.00577654	-0.0577393	-126.184	-0.00516808	0.99993	0.0106817	-6.57024	0.0577969	-0.0103653	0.998275	-187.066	
0.997002	0.00600114	-0.077142	-126.126	-0.00504725	0.999908	0.0125543	-6.56276	0.0772102	-0.0121273	0.996941	-188.064	
0.995379	0.00403922	-0.0959357	-126.042	-0.00264868	0.99989	0.0146175	-6.57056	0.0959841	-0.0142958	0.99528	-189.061	
0.993314	0.00381294	-0.115384	-125.934	-0.00198077	0.99987	0.0159894	-6.57376	0.11543	-0.0156539	0.993192	-190.055	
0.990985	0.00414	-0.133907	-125.811	-0.00168672	0.999829	0.018429	-6.57736	0.13396	-0.0180371	0.990823	-191.047	
0.988332	0.0042054	-0.152258	-125.705	-0.000640301	0.999725	0.0234564	-6.59312	0.152314	-0.0230852	0.988062	-192.041	
0.98542	0.0044976	-0.17008	-125.541	0.000508836	0.999568	0.0293808	-6.60723	0.170138	-0.029039	0.984992	-193.028	
0.982224	0.00387962	-0.187673	-125.359	0.00254956	0.999418	0.0340039	-6.639	0.187696	-0.0338779	0.981643	-194.011	
0.978712	0.00286715	-0.205218	-125.159	0.00490281	0.99929	0.0373435	-6.6551	0.205179	-0.0375547	0.978004	-194.99	
0.974863	0.00227041	-0.222792	-124.943	0.00665513	0.999205	0.0393033	-6.67904	0.222704	-0.0397981	0.974073	-195.966	
0.970888	0.00275997	-0.239517	-124.716	0.00663487	0.99924	0.0384089	-6.70564	0.239441	-0.0388799	0.970132	-196.94	
0.966347	0.00286201	-0.257228	-124.453	0.00725399	0.999237	0.0383695	-6.72913	0.257142	-0.0389441	0.965589	-197.904	
0.961734	0.00513976	-0.273937	-124.198	0.00680181	0.999068	0.0426248	-6.7557	0.273901	-0.042857	0.960803	-198.871	
0.957154	0.00647243	-0.289507	-123.928	0.00729249	0.998894	0.0464421	-6.79742	0.289488	-0.0465634	0.956049	-199.833	
0.95217	0.00438178	-0.305537	-123.623	0.0101442	0.998893	0.0459387	-6.83607	0.3054	-0.0468409	0.951071	-200.784	
0.946309	0.00190113	-0.323257	-123.314	0.0137984	0.998834	0.046268	-6.88405	0.322968	-0.0482442	0.94518	-201.734	
0.940555	0.000260012	-0.339642	-123.012	0.0173432	0.998658	0.0487922	-6.93198	0.339199	-0.0517822	0.939288	-202.686	
0.93394	0.00159461	-0.357426	-122.644	0.0180765	0.9985	0.0516878	-6.96469	0.356972	-0.0547343	0.93251	-203.616	
0.927326	0.00159374	-0.37425	-122.289	0.01979	0.998383	0.0532877	-7.01725	0.37373	-0.0568215	0.925795	-204.549	
0.920459	0.0047756	-0.390811	-121.941	0.019235	0.99816	0.0575005	-7.066	0.390366	-0.060444	0.918673	-205.485	
0.912473	0.00526495	-0.409102	-121.561	0.0223333	0.997785	0.062654	-7.12555	0.408526	-0.0663067	0.910335	-206.408	
0.903241	0.00461976	-0.42911	-121.147	0.0257981	0.997549	0.0650424	-7.17691	0.428358	-0.0698192	0.900908	-207.317	
0.891808	0.00187692	-0.452411	-120.716	0.0308304	0.997415	0.0649119	-7.23665	0.451363	-0.0718369	0.889444	-208.218	
0.878499	-0.000864034	-0.477743	-120.234	0.0367323	0.99716	0.0657419	-7.28609	0.47633	-0.0753028	0.876036	-209.092	
0.864299	-0.00260304	-0.502972	-119.721	0.0420699	0.996857	0.0671333	-7.33902	0.501216	-0.0791832	0.861692	-209.949	
0.849659	-0.00403738	-0.527317	-119.181	0.0469188	0.996584	0.0679693	-7.39089	0.525241	-0.0824919	0.846946	-210.789	
0.834601	-0.00442327	-0.550837	-118.632	0.0498735	0.996468	0.0675642	-7.44326	0.548593	-0.0838613	0.831873	-211.624	
0.818817	-0.0048878	-0.574034	-118.084	0.0531094	0.99632	0.0672731	-7.50054	0.571593	-0.085571	0.816063	-212.458	
0.802361	-0.00264	-0.596833	-117.505	0.0551473	0.99604	0.0697322	-7.56126	0.594286	-0.0888641	0.79933	-213.271	
0.786201	0.000174232	-0.617971	-116.901	0.0566997	0.995762	0.0724159	-7.61484	0.615364	-0.0919722	0.782859	-214.066	
0.770381	0.00171145	-0.637581	-116.273	0.058422	0.9956	0.0732631	-7.67522	0.634901	-0.0936893	0.766892	-214.842	
0.755957	0.00387747	-0.65461	-115.657	0.0591998	0.99548	0.0742617	-7.74304	0.651939	-0.0948914	0.752311	-215.627	
0.740556	0.00500918	-0.671976	-115.001	0.0602314	0.995453	0.0737989	-7.8081	0.66929	-0.0951262	0.736887	-216.379	
0.725525	0.00614361	-0.688168	-114.312	0.0614809	0.995383	0.0737046	-7.87591	0.685444	-0.0957837	0.721798	-217.101	
0.710226	0.0083197	-0.703924	-113.609	0.0621117	0.99529	0.0744311	-7.94112	0.701228	-0.0965848	0.706364	-217.809	
0.695098	0.0111478	-0.718829	-112.897	0.062871	0.995106	0.0762278	-8.00743	0.716161	-0.0981792	0.690995	-218.507	
0.679321	0.0138217	-0.733711	-112.16	0.0646009	0.994815	0.0785523	-8.06717	0.730993	-0.100761	0.674905	-219.181	
0.664366	0.0152183	-0.747253	-111.418	0.0667305	0.994592	0.0795841	-8.13925	0.744423	-0.102737	0.659757	-219.847	
0.64868	0.0144939	-0.760923	-110.656	0.0698737	0.994462	0.078509	-8.20371	0.757847	-0.104096	0.644075	-220.492	
0.633035	0.0126726	-0.77402	-109.901	0.0736466	0.994345	0.076512	-8.26731	0.770612	-0.105439	0.628522	-221.144	
0.616154	0.00826263	-0.787582	-109.118	0.0797685	0.994149	0.0728356	-8.32938	0.783576	-0.107702	0.61189	-221.763	
0.599044	0.00406248	-0.800706	-108.319	0.0853054	0.993972	0.0688639	-8.38604	0.796159	-0.109557	0.595087	-222.362	
0.581127	0.000506587	-0.813813	-107.506	0.0915675	0.993609	0.066005	-8.4375	0.808645	-0.112876	0.577367	-222.941	
0.562481	0.00121058	-0.826809	-106.668	0.0953588	0.993231	0.0663271	-8.48968	0.821293	-0.116151	0.558558	-223.485	
0.544539	2.80054e-05	-0.838736	-105.824	0.100252	0.992829	0.0651205	-8.52422	0.832723	-0.119546	0.540631	-224.02	
0.525059	-0.00197288	-0.851064	-104.964	0.10382	0.992677	0.0617501	-8.5692	0.84471	-0.12078	0.521419	-224.529	
0.504325	-0.00588389	-0.863494	-104.101	0.108106	0.99254	0.0563761	-8.61149	0.85672	-0.121781	0.501198	-225.031	
0.48331	-0.00993181	-0.875393	-103.232	0.111658	0.992468	0.0503868	-8.64453	0.8683	-0.122097	0.480779	-225.526	
0.461368	-0.0136642	-0.887103	-102.34	0.115332	0.992321	0.0446975	-8.66686	0.87968	-0.122934	0.459401	-225.978	
0.439956	-0.0155771	-0.897884	-101.441	0.117308	0.992279	0.0402654	-8.6901	0.890324	-0.123044	0.438387	-226.415	
0.417931	-0.0171394	-0.908317	-100.535	0.119877	0.99212	0.0364364	-8.70315	0.900535	-0.124114	0.416692	-226.837	
0.396834	-0.0179281	-0.917715	-99.62	0.120568	0.992165	0.032753	-8.71539	0.909937	-0.123645	0.395887	-227.241	
0.375737	-0.0171167	-0.926568	-98.6954	0.120978	0.992179	0.0307295	-8.72851	0.918796	-0.12364	0.374869	-227.622	
0.355803	-0.016319	-0.934419	-97.77	0.119217	0.992472	0.028062	-8.73612	0.926926	-0.121383	0.35507	-228.001	
0.33393	-0.0182684	-0.942421	-96.8213	0.120025	0.992498	0.0232895	-8.73837	0.934925	-0.120891	0.333618	-228.317	
0.312789	-0.0193225	-0.949626	-95.873	0.122307	0.992289	0.0200949	-8.73444	0.941915	-0.122431	0.31274	-228.634	
0.293232	-0.0154201	-0.955917	-94.9207	0.124351	0.991991	0.0221434	-8.73738	0.94792	-0.125363	0.292801	-228.939	
0.273987	-0.00706491	-0.961707	-93.9607	0.125922	0.991628	0.02859	-8.74288	0.953454	-0.128933	0.272583	-229.219	
0.255014	-0.0015611	-0.966936	-92.9957	0.129947	0.990983	0.0326714	-8.74955	0.958166	-0.133982	0.252918	-229.482	
0.236685	-0.000259038	-0.971586	-92.0298	0.135138	0.990288	0.0326566	-8.76458	0.962142	-0.139028	0.234422	-229.74	
0.217411	-0.00186648	-0.976078	-91.0547	0.140421	0.989656	0.0293848	-8.76606	0.965927	-0.14345	0.215424	-229.962	
0.198283	-0.00434537	-0.980135	-90.0765	0.147018	0.988809	0.0253582	-8.77023	0.969056	-0.149126	0.196703	-230.169	
0.179461	-0.00570281	-0.983748	-89.0911	0.150702	0.98834	0.0217626	-8.77038	0.972153	-0.152159	0.178228	-230.34	
0.160375	-0.00773875	-0.987026	-88.1022	0.153137	0.988056	0.0171354	-8.77657	0.975104	-0.153899	0.159645	-230.488	
0.141319	-0.00841474	-0.989928	-87.112	0.156623	0.98756	0.0139644	-8.76844	0.977496	-0.157019	0.140879	-230.628	
0.123165	-0.00794899	-0.992354	-86.1204	0.157877	0.98739	0.0116856	-8.76943	0.979747	-0.158109	0.122867	-230.757	
0.104515	-0.0060818	-0.994505	-85.1261	0.163619	0.986461	0.0111625	-8.75837	0.980972	-0.163886	0.104095	-230.863	
0.087148	-0.00537131	-0.996181	-84.1317	0.165445	0.986176	0.00915612	-8.7505	0.982361	-0.165611	0.086832	-230.968	
0.0703533	-0.00844853	-0.997486	-83.1356	0.168017	0.985778	0.00350095	-8.74081	0.98327	-0.167841	0.0707723	-231.056	
0.0553172	-0.0127112	-0.998388	-82.1386	0.166951	0.98596	-0.00330278	-8.72597	0.984412	-0.166499	0.0566627	-231.132	
0.0410166	-0.0175386	-0.999005	-81.1401	0.168794	0.985597	-0.010373	-8.69458	0.984797	-0.168201	0.0433862	-231.177	
0.0282414	-0.0209006	-0.999383	-80.1415	0.168452	0.985582	-0.0158517	-8.66208	0.985305	-0.1679	0.031355	-231.218	
0.0180352	-0.0208152	-0.999621	-79.1428	0.168369	0.985569	-0.0174849	-8.62802	0.985559	-0.16799	0.0212795	-231.256	
0.00988181	-0.0185416	-0.999779	-78.1439	0.168874	0.985498	-0.0166076	-8.58664	0.985588	-0.168673	0.0128697	-231.281	
0.00334521	-0.0160447	-0.999866	-77.1442	0.171308	0.9851	-0.0152346	-8.57048	0.985212	-0.171234	0.00604394	-231.297	
-0.00194761	-0.0129827	-0.999914	-76.146	0.171295	0.985132	-0.0131244	-8.51068	0.985218	-0.171306	0.00030522	-231.285	
-0.00713661	-0.00412425	-0.999966	-75.1464	0.171255	0.985213	-0.00528563	-8.48449	0.985201	-0.171287	-0.00632477	-231.279	
-0.00928747	-0.00188063	-0.999955	-74.147	0.172655	0.984976	-0.00345606	-8.47173	0.984939	-0.172679	-0.00882324	-231.31	
-0.0122331	-0.0100584	-0.999875	-73.1471	0.172034	0.985018	-0.0120138	-8.45765	0.985015	-0.172159	-0.0103194	-231.31	
-0.0150966	-0.0200892	-0.999684	-72.1481	0.170924	0.98503	-0.0223759	-8.41821	0.985169	-0.171207	-0.0114369	-231.286	
-0.0163414	-0.0235467	-0.999589	-71.1492	0.170558	0.985005	-0.0259915	-8.37637	0.985212	-0.170912	-0.0120803	-231.266	
-0.0172317	-0.0226614	-0.999595	-70.1513	0.171271	0.9849	-0.0252807	-8.3158	0.985073	-0.171637	-0.0130903	-231.244	
-0.0170816	-0.0192607	-0.999669	-69.1524	0.170585	0.9851	-0.0218948	-8.27481	0.985195	-0.170902	-0.0135415	-231.219	
-0.0165774	-0.0156868	-0.99974	-68.1539	0.172928	0.984764	-0.0183193	-8.2484	0.984795	-0.173187	-0.0136122	-231.172	
-0.0144362	-0.01427	-0.999794	-67.1544	0.175472	0.984345	-0.0165832	-8.2229	0.984379	-0.175675	-0.0117062	-231.15	
-0.0112379	-0.0125985	-0.999857	-66.1551	0.177002	0.984105	-0.0143894	-8.19168	0.984146	-0.177139	-0.00882934	-231.133	
-0.0119392	-0.0131296	-0.999843	-65.1579	0.179222	0.983693	-0.0150576	-8.14045	0.983736	-0.179373	-0.00939141	-231.079	
-0.00571681	-0.0112045	-0.999921	-64.158	0.180791	0.983448	-0.0120536	-8.12193	0.983505	-0.180845	-0.00359651	-231.08	
0.00105614	-0.0123561	-0.999923	-63.1585	0.180979	0.983414	-0.011961	-8.09217	0.983486	-0.180952	0.00327482	-231.079	
0.00893105	-0.0136757	-0.999867	-62.1588	0.178225	0.983918	-0.0118656	-8.07144	0.983949	-0.178095	0.0112248	-231.093	
0.0166087	-0.0140833	-0.999763	-61.1595	0.175641	0.984393	-0.010949	-8.04826	0.984314	-0.175417	0.0188231	-231.124	
0.0249123	-0.0127904	-0.999608	-60.1606	0.173057	0.984877	-0.00828895	-8.0354	0.984597	-0.172783	0.026749	-231.169	
0.0321985	-0.0129342	-0.999398	-59.1613	0.173464	0.984814	-0.00715679	-8.01136	0.984314	-0.173129	0.0339531	-231.198	
0.0390891	-0.0137688	-0.999141	-58.1619	0.173537	0.984804	-0.00678196	-7.99184	0.984051	-0.173123	0.0408844	-231.224	
0.0459468	-0.0157069	-0.99882	-57.1624	0.172871	0.984916	-0.00753596	-7.97459	0.983872	-0.172321	0.047969	-231.251	
0.0521306	-0.0166096	-0.998502	-56.1633	0.172398	0.985	-0.00738428	-7.9544	0.983647	-0.171755	0.0542121	-231.289	
0.0590116	-0.0165053	-0.998121	-55.1654	0.172553	0.984981	-0.0060862	-7.91542	0.983231	-0.17187	0.0609733	-231.341	
0.0658183	-0.0142953	-0.997729	-54.1671	0.171587	0.985165	-0.00279599	-7.89549	0.982968	-0.171013	0.0672948	-231.395	
0.0722843	-0.0112682	-0.99732	-53.1686	0.171604	0.985165	0.00130675	-7.89202	0.982511	-0.171239	0.0731456	-231.45	
0.0797938	-0.00921083	-0.996769	-52.1712	0.173074	0.984897	0.0047539	-7.88498	0.981671	-0.172894	0.0801829	-231.522	
0.0861221	-0.00863628	-0.996247	-51.1731	0.174118	0.984703	0.00651569	-7.8783	0.980952	-0.174026	0.0863084	-231.583	
0.0932993	-0.00916732	-0.995596	-50.1772	0.174684	0.984597	0.00730395	-7.8687	0.980194	-0.174596	0.0934637	-231.672	
0.100329	-0.0121032	-0.994881	-49.1818	0.175314	0.984496	0.00570269	-7.85534	0.979387	-0.174988	0.100895	-231.767	
0.106746	-0.0138917	-0.994189	-48.1863	0.175009	0.984554	0.00503362	-7.83878	0.978763	-0.174529	0.107528	-231.861	
0.113275	-0.0144648	-0.993458	-47.1917	0.173634	0.984795	0.00545916	-7.82523	0.978274	-0.173116	0.114064	-231.964	
0.119884	-0.0137325	-0.992693	-46.1984	0.173748	0.984763	0.00736023	-7.81408	0.977466	-0.173361	0.120444	-232.079	
0.126453	-0.0124139	-0.991895	-45.2038	0.171441	0.985148	0.00952695	-7.81597	0.977045	-0.171257	0.126703	-232.182	
