0.999942	-0.00305748	0.0103653	-0.0721813	0.00304647	0.999995	0.00107779	0.0212662	-0.0103685	-0.00104615	0.999946	-0.997165	
0.99983	-0.00539535	0.017643	-0.052977	0.00536816	0.999984	0.00158779	-0.00945892	-0.0176513	-0.0014928	0.999843	0.00217858	
0.999695	-0.00815941	0.0233044	-0.0976973	0.00814714	0.999967	0.00062146	-0.0216233	-0.0233087	-0.000431407	0.999728	1.0011	
0.999748	-0.00977391	0.0201937	-0.0628807	0.00978539	0.999952	-0.000469463	-0.0543857	-0.0201882	0.000666948	0.999796	1.99996	
0.999794	-0.0119331	0.0164239	-0.164065	0.0119526	0.999928	-0.00108849	-0.101045	-0.0164097	0.00128457	0.999865	2.99373	
0.999897	-0.0137011	0.00434582	-0.177003	0.0137139	0.999902	-0.00292909	-0.112886	-0.00430526	0.00298838	0.999986	3.99358	
0.99984	-0.0136165	-0.0115667	-0.277631	0.0135797	0.999902	-0.00326084	-0.132106	0.01161	0.00310325	0.999928	4.98832	
0.999465	-0.00887804	-0.0314688	-0.299508	0.0087807	0.999956	-0.00322995	-0.134238	0.0314961	0.0029519	0.9995	5.98808	
0.998707	-0.00521134	-0.0505742	-0.441444	0.00502381	0.99998	-0.00383431	-0.162256	0.0505932	0.00357527	0.998713	6.97756	
0.997477	-0.00504633	-0.0708095	-0.560387	0.00472976	0.999978	-0.00463777	-0.155371	0.0708313	0.00429115	0.997479	7.97043	
0.9958	-0.00689261	-0.0912906	-0.380909	0.0065727	0.999971	-0.0038045	-0.134971	0.0913142	0.0031885	0.995817	6.98688	
0.993875	-0.0083198	-0.110196	-0.205505	0.00807631	0.999964	-0.00265579	-0.115197	0.110214	0.00174955	0.993906	6.00258	
0.991665	-0.00709653	-0.128645	-0.0985173	0.00682812	0.999973	-0.00252736	-0.145097	0.12866	0.00162789	0.991687	5.00877	
0.989629	-0.00571279	-0.143535	-0.325615	0.0055275	0.999983	-0.00168962	-0.1589	0.143542	0.000878704	0.989644	5.98255	
0.987543	-0.00528597	-0.157259	-0.502092	0.00514097	0.999986	-0.00132879	-0.186113	0.157264	0.000503768	0.987556	6.96648	
0.985458	-0.00608929	-0.16981	-0.641406	0.00574809	0.99998	-0.00250086	-0.192748	0.169822	0.00148841	0.985474	7.9567	
0.983835	-0.00912459	-0.178844	-0.863828	0.00840204	0.999953	-0.00479712	-0.222116	0.17888	0.00321691	0.983866	8.93121	
0.982488	-0.00736932	-0.186178	-1.08859	0.00628365	0.99996	-0.00642077	-0.23013	0.186217	0.00513846	0.982495	9.90559	
0.981159	-0.00743129	-0.193059	-1.36047	0.00613192	0.999954	-0.00732709	-0.253182	0.193105	0.00600522	0.98116	10.8676	
0.979552	-0.00742197	-0.201055	-1.58621	0.0055428	0.999936	-0.00990789	-0.276086	0.201115	0.00859089	0.97953	11.8416	
0.977821	-0.0112075	-0.209142	-1.78825	0.00882141	0.999885	-0.0123382	-0.293265	0.209257	0.0102196	0.977807	12.8208	
0.975875	-0.0170366	-0.217664	-1.95634	0.0142558	0.999796	-0.0143399	-0.319987	0.217864	0.0108909	0.975918	13.8062	
0.974108	-0.0172359	-0.225426	-2.27536	0.0140305	0.999777	-0.0158137	-0.365402	0.225648	0.0122414	0.974132	14.7529	
0.971923	-0.0125353	-0.234966	-2.50725	0.00826654	0.999783	-0.0191439	-0.369242	0.235155	0.016664	0.971815	15.7256	
0.969579	-0.00911874	-0.244609	-2.73782	0.00401097	0.999764	-0.0213714	-0.382484	0.244746	0.0197401	0.969386	16.6986	
0.967318	-0.0103732	-0.253353	-2.93196	0.00458973	0.999715	-0.023408	-0.408378	0.253524	0.0214801	0.967091	17.6792	
0.96524	-0.0127974	-0.261051	-3.22354	0.00617343	0.999638	-0.0261784	-0.436047	0.261292	0.0236568	0.96497	18.6353	
0.963221	-0.0119541	-0.268446	-3.54841	0.00462591	0.9996	-0.0279144	-0.481047	0.268672	0.0256459	0.96289	19.58	
0.961076	-0.0101953	-0.276097	-3.84784	0.00173315	0.999522	-0.030876	-0.513241	0.27628	0.0291957	0.960634	20.5336	
0.958823	-0.0102432	-0.283821	-4.15208	2.09776e-05	0.999352	-0.0359963	-0.547342	0.284005	0.0345081	0.958202	21.4856	
0.957106	-0.00929496	-0.289588	-4.45048	-0.003297	0.999071	-0.0429642	-0.597261	0.289718	0.0420761	0.956187	22.4387	
0.95586	-0.0080774	-0.293713	-4.76971	-0.00694778	0.998721	-0.0500767	-0.655959	0.293742	0.049907	0.954581	23.3846	
0.954659	-0.00578287	-0.297646	-5.10456	-0.0118403	0.998283	-0.0573714	-0.717741	0.297466	0.0582943	0.952951	24.3248	
0.953284	-0.00348212	-0.302057	-5.43426	-0.0168756	0.997758	-0.064761	-0.778856	0.301605	0.066833	0.951088	25.2669	
0.95182	-0.00106221	-0.306656	-5.74139	-0.0215878	0.997281	-0.0704602	-0.842958	0.305897	0.0736854	0.949209	26.2164	
0.950069	0.00291372	-0.312027	-6.07135	-0.0278903	0.996747	-0.0756136	-0.916701	0.310791	0.0805406	0.94706	27.1575	
0.948699	0.00576802	-0.316128	-6.42914	-0.0326495	0.996276	-0.0798032	-1.00095	0.31449	0.0860306	0.945354	28.0875	
0.946717	0.00923449	-0.321934	-6.76224	-0.0382609	0.995735	-0.0839527	-1.07854	0.319785	0.0917969	0.943033	29.0272	
0.944619	0.0125038	-0.327931	-7.08588	-0.042992	0.995377	-0.0858871	-1.16185	0.325341	0.095229	0.94079	29.9697	
0.942798	0.0136049	-0.333088	-7.44261	-0.0449141	0.995241	-0.0864779	-1.25598	0.330326	0.0964915	0.938922	30.8992	
0.940673	0.0134492	-0.339049	-7.77558	-0.0446775	0.995424	-0.0844691	-1.36613	0.336361	0.0946056	0.936969	31.8357	
0.938582	0.0124757	-0.344831	-8.13891	-0.0437653	0.995579	-0.0831037	-1.455	0.34227	0.0930912	0.934979	32.7631	
0.936531	0.0108921	-0.350414	-8.53349	-0.0420239	0.995798	-0.0813619	-1.54637	0.348056	0.0909237	0.933054	33.6774	
0.933635	0.0101167	-0.358084	-8.92288	-0.040881	0.99608	-0.0784476	-1.64119	0.355886	0.0878802	0.930388	34.5936	
0.930431	0.0100594	-0.366328	-9.29229	-0.0395129	0.996549	-0.0729929	-1.73325	0.36433	0.0823896	0.927618	35.5183	
0.927376	0.0117066	-0.373947	-9.72292	-0.039825	0.99692	-0.0675556	-1.81828	0.372005	0.0775419	0.924986	36.4168	
0.923785	0.01348	-0.382674	-10.1199	-0.0407623	0.997163	-0.0632754	-1.89201	0.380735	0.0740516	0.921714	37.3316	
0.91998	0.0122578	-0.391774	-10.5192	-0.039718	0.997282	-0.0620647	-1.95897	0.389948	0.0726587	0.917966	38.246	
0.916095	0.0113068	-0.400802	-10.9346	-0.0394669	0.997291	-0.0620736	-2.01528	0.399015	0.0726838	0.914059	39.1539	
0.912312	0.00995914	-0.409374	-11.3532	-0.0384114	0.997378	-0.061338	-2.08714	0.40769	0.0716841	0.910302	40.0592	
0.908323	0.0100222	-0.41815	-11.7664	-0.0385872	0.997457	-0.0599137	-2.15611	0.416486	0.0705562	0.9064	40.9673	
0.905026	0.006393	-0.425307	-12.2344	-0.0350015	0.997615	-0.0594853	-2.20633	0.423913	0.0687222	0.903092	41.8496	
0.901525	0.00582571	-0.432687	-12.6951	-0.0330377	0.997918	-0.0553997	-2.29004	0.431464	0.0642393	0.89984	42.7332	
0.897612	0.00536435	-0.440753	-13.119	-0.0311761	0.998194	-0.0513424	-2.34546	0.439682	0.0598265	0.896159	43.6371	
0.893808	0.00231534	-0.448444	-13.5658	-0.0271814	0.998428	-0.0490211	-2.40071	0.447626	0.0560048	0.892466	44.5301	
0.890453	0.00216408	-0.455071	-14.0454	-0.026828	0.998499	-0.0477469	-2.46727	0.454284	0.054725	0.889174	45.4051	
0.887119	0.00181585	-0.461537	-14.5058	-0.0269022	0.998496	-0.0477802	-2.51909	0.460756	0.0548031	0.885833	46.2913	
0.883754	0.00138779	-0.46795	-14.9698	-0.0266826	0.998518	-0.0474305	-2.55928	0.467191	0.054403	0.882481	47.1762	
0.88085	-0.00157297	-0.473393	-15.4486	-0.0237469	0.998589	-0.0475043	-2.60949	0.472799	0.0530858	0.87957	48.0527	
0.878248	-0.00300136	-0.478196	-15.9196	-0.0228162	0.998578	-0.0481714	-2.66138	0.47766	0.053217	0.876931	48.9332	
0.876824	-0.00415319	-0.480793	-16.4365	-0.0224016	0.998524	-0.0494794	-2.70629	0.480289	0.0541552	0.875437	49.7881	
0.874321	-0.003952	-0.485333	-16.86	-0.0233154	0.99847	-0.0501328	-2.7499	0.484789	0.0551479	0.872891	50.693	
0.874008	-0.00385729	-0.485895	-17.3459	-0.0231479	0.998503	-0.0495641	-2.80925	0.485359	0.0545668	0.87261	51.565	
0.873231	-0.00335191	-0.487294	-17.8048	-0.0231562	0.998561	-0.0483646	-2.86712	0.486755	0.0535174	0.871897	52.4516	
0.872858	-0.00492167	-0.487949	-18.2883	-0.0212534	0.998617	-0.0480912	-2.93991	0.48751	0.0523474	0.871546	53.3239	
0.872389	-0.00689951	-0.488763	-18.7947	-0.0199276	0.998567	-0.0496645	-2.99484	0.488406	0.0530666	0.871002	54.1844	
0.870285	-0.00946357	-0.492457	-19.2677	-0.0181882	0.998516	-0.0513313	-3.04566	0.492212	0.0536298	0.868822	55.0641	
0.868771	-0.0109359	-0.495093	-19.7716	-0.0158069	0.998634	-0.0497958	-3.11143	0.494962	0.0510871	0.867412	55.9253	
0.866774	-0.0125922	-0.498543	-20.2753	-0.0126788	0.998802	-0.0472713	-3.16769	0.49854	0.0472944	0.865575	56.7873	
0.863307	-0.015698	-0.504435	-20.7449	-0.008973	0.998881	-0.0464418	-3.20792	0.504599	0.0446198	0.8622	57.6693	
0.859324	-0.0172818	-0.511139	-21.2594	-0.00690647	0.998946	-0.0453859	-3.26776	0.511385	0.0425313	0.858299	58.5247	
0.853802	-0.020366	-0.520199	-21.7543	-0.0059439	0.998788	-0.0488586	-3.33039	0.520564	0.0448075	0.852646	59.3914	
0.847965	-0.0228008	-0.529562	-22.2974	-0.00608607	0.99859	-0.0527406	-3.39348	0.530018	0.0479451	0.84663	60.2287	
0.84158	-0.0245204	-0.539576	-22.8198	-0.00501135	0.998572	-0.0531952	-3.45073	0.54011	0.047472	0.840255	61.0794	
0.835928	-0.0236113	-0.548331	-23.3718	-0.00364869	0.998813	-0.0485715	-3.50824	0.548827	0.0426029	0.834849	61.9113	
0.830945	-0.0215289	-0.555938	-23.9457	-0.00316025	0.999052	-0.0434122	-3.57092	0.556346	0.03783	0.830089	62.7278	
0.827089	-0.0205432	-0.561696	-24.5233	-0.00485696	0.999033	-0.0436899	-3.63476	0.56205	0.0388636	0.82619	63.5417	
0.823765	-0.0204808	-0.566562	-25.101	-0.0072568	0.998884	-0.0466601	-3.69979	0.566885	0.0425484	0.822697	64.3553	
0.820856	-0.0183322	-0.570842	-25.682	-0.0135692	0.998577	-0.0515808	-3.75587	0.570975	0.0500862	0.819438	65.1673	
0.817024	-0.0191061	-0.576287	-26.2235	-0.0139669	0.998502	-0.0529054	-3.82515	0.576435	0.0512739	0.815533	66.0052	
0.813657	-0.0199428	-0.581003	-26.8145	-0.0114774	0.998666	-0.0503523	-3.88107	0.581232	0.0476379	0.812342	66.8098	
0.811247	-0.0215161	-0.584307	-27.4634	-0.00689305	0.998901	-0.0463531	-3.95161	0.584663	0.0416315	0.810208	67.5674	
0.807633	-0.0216563	-0.589288	-28.0334	-0.00610384	0.998965	-0.0450774	-3.98673	0.589654	0.0400029	0.806665	68.3883	
0.804939	-0.0212624	-0.592977	-28.6637	-0.00677593	0.998963	-0.0450179	-4.04839	0.593319	0.0402546	0.80396	69.1622	
0.800903	-0.0219714	-0.598391	-29.2539	-0.00719724	0.998901	-0.04631	-4.11775	0.598751	0.0413966	0.799864	69.9665	
0.797865	-0.0249959	-0.602318	-29.9178	-0.00680948	0.998703	-0.0504659	-4.16438	0.602798	0.0443664	0.796659	70.7128	
0.79393	-0.0266922	-0.607423	-30.5472	-0.00583665	0.998655	-0.051513	-4.2319	0.607981	0.0444431	0.792707	71.487	
0.789565	-0.0278809	-0.613033	-31.1711	-0.0045416	0.998675	-0.0512694	-4.29287	0.61365	0.0432647	0.788392	72.2662	
0.784578	-0.0284876	-0.619376	-31.7936	-0.00379328	0.998705	-0.0507395	-4.36349	0.620019	0.0421586	0.783453	73.0456	
0.779092	-0.0303701	-0.626174	-32.4252	-0.00348784	0.9986	-0.0527728	-4.41639	0.6269	0.0432989	0.777895	73.8191	
0.773363	-0.0331816	-0.633094	-33.0634	-0.00241384	0.998468	-0.0552801	-4.46506	0.633959	0.0442798	0.772098	74.5874	
0.76759	-0.0336637	-0.640057	-33.6918	-0.00256762	0.99845	-0.0555925	-4.54318	0.640936	0.0443157	0.766314	75.3613	
0.762741	-0.0333138	-0.645845	-34.3557	-0.00360655	0.998438	-0.0557604	-4.61833	0.646694	0.04486	0.761429	76.1054	
0.756942	-0.0352691	-0.652529	-35.0196	-0.00310648	0.998337	-0.0575635	-4.68872	0.653474	0.0455993	0.755574	76.8498	
0.751342	-0.0365816	-0.658899	-35.6963	-0.0022905	0.998312	-0.0580375	-4.77091	0.65991	0.0451152	0.749989	77.5815	
0.744106	-0.0390617	-0.666919	-36.3424	9.05259e-05	0.998295	-0.0583695	-4.83092	0.668062	0.0433728	0.742841	78.3424	
0.735963	-0.0403778	-0.675817	-36.9732	0.00121882	0.998297	-0.0583176	-4.90941	0.677021	0.0420959	0.734759	79.1144	
0.729181	-0.0425326	-0.682998	-37.6404	0.00148308	0.998163	-0.0605756	-4.97434	0.684319	0.0431576	0.727904	79.8564	
0.722605	-0.0436173	-0.689884	-38.3266	0.00071236	0.998054	-0.0623549	-5.04481	0.691261	0.0445665	0.721229	80.5804	
0.716053	-0.0436386	-0.69668	-39.0159	0.000257731	0.99806	-0.0622515	-5.11161	0.698046	0.0443958	0.714676	81.3018	
0.710447	-0.0434538	-0.702408	-39.7016	0.00105342	0.998156	-0.0606845	-5.19988	0.70375	0.0423732	0.709183	82.0243	
0.705741	-0.0431306	-0.707156	-40.4262	0.00114183	0.998213	-0.0597431	-5.27638	0.708469	0.0413557	0.704529	82.7093	
0.701958	-0.0452369	-0.71078	-41.176	0.000527698	0.998014	-0.0629965	-5.31997	0.712218	0.0438459	0.700588	83.3695	
0.696873	-0.0451781	-0.715771	-41.8991	-0.00173841	0.997905	-0.0646784	-5.39166	0.717193	0.0463169	0.695334	84.0565	
0.691869	-0.0464153	-0.72053	-42.6272	-0.00288484	0.997746	-0.0670432	-5.4702	0.722018	0.0484637	0.690175	84.7374	
0.686247	-0.0476284	-0.725808	-43.3412	-0.00266435	0.997683	-0.0679883	-5.54382	0.727364	0.0485905	0.684529	85.4337	
0.68048	-0.0492795	-0.731107	-44.0631	-0.000204084	0.997723	-0.0674404	-5.62931	0.732766	0.0460411	0.678921	86.1204	
0.67438	-0.0515851	-0.736581	-44.7847	0.00134881	0.997641	-0.0686331	-5.69769	0.738384	0.0452913	0.672858	86.8093	
0.669764	-0.0515091	-0.740786	-45.5326	0.00159623	0.997689	-0.0679291	-5.79851	0.742573	0.044314	0.668298	87.4654	
0.664827	-0.0534938	-0.745079	-46.2761	0.00193532	0.997553	-0.0698935	-5.85961	0.746995	0.0450252	0.663304	88.1313	
0.661062	-0.055516	-0.748275	-47.0548	0.00347535	0.997475	-0.0709343	-5.94114	0.750324	0.0442915	0.659585	88.7535	
0.657111	-0.056767	-0.751653	-47.8136	0.00443323	0.997434	-0.0714535	-6.02531	0.75378	0.0436207	0.655677	89.3993	
0.653815	-0.0607756	-0.75421	-48.5886	0.00665694	0.997192	-0.0745848	-6.11905	0.756625	0.0437439	0.652384	90.0242	
0.649238	-0.064582	-0.757839	-49.3328	0.00661493	0.99683	-0.0792815	-6.21264	0.760557	0.0464595	0.647607	90.6856	
0.645139	-0.0695955	-0.760889	-50.0978	0.00826397	0.99642	-0.0841318	-6.29053	0.764021	0.0479887	0.643404	91.325	
0.638279	-0.0746302	-0.766179	-50.8415	0.0112279	0.996086	-0.0876709	-6.39151	0.769723	0.0473559	0.636619	91.9858	
0.629466	-0.0804384	-0.772854	-51.6044	0.0145896	0.995675	-0.0917469	-6.49918	0.776891	0.0464759	0.627917	92.6232	
0.620551	-0.0838233	-0.779673	-52.3892	0.0173094	0.995492	-0.0932495	-6.59892	0.783975	0.0443704	0.619205	93.2349	
0.612284	-0.0857657	-0.785973	-53.1955	0.0210307	0.995514	-0.0922478	-6.71092	0.790358	0.0399523	0.611341	93.8157	
0.603267	-0.0856269	-0.792929	-53.9857	0.0209043	0.995576	-0.0916062	-6.81475	0.797265	0.0386874	0.602388	94.4198	
0.594334	-0.0864307	-0.79956	-54.8002	0.0204135	0.995509	-0.0924384	-6.92426	0.803959	0.0386175	0.59343	94.9895	
0.584964	-0.0886657	-0.806198	-55.6252	0.0199181	0.995277	-0.0950083	-7.02297	0.810815	0.0395185	0.583967	95.546	
0.575529	-0.0899924	-0.812815	-56.4518	0.0195117	0.995155	-0.0963649	-7.13518	0.817549	0.0396014	0.574496	96.0975	
0.565611	-0.093963	-0.819302	-57.2809	0.0225397	0.994878	-0.0985388	-7.2317	0.824364	0.0372678	0.564832	96.648	
0.554712	-0.0964158	-0.826437	-58.0894	0.0246407	0.994731	-0.0995107	-7.33934	0.831678	0.0348357	0.554165	97.2266	
0.544772	-0.0996753	-0.832639	-58.9432	0.0259037	0.994437	-0.102096	-7.43743	0.838184	0.0340507	0.544324	97.7379	
0.534518	-0.0994025	-0.839291	-59.7762	0.0250876	0.994488	-0.101806	-7.56411	0.844785	0.0333613	0.534065	98.2766	
0.524722	-0.0981476	-0.845597	-60.6249	0.0235053	0.994623	-0.100859	-7.6822	0.850949	0.0330469	0.524208	98.792	
0.514118	-0.0984124	-0.852055	-61.4676	0.0219067	0.994578	-0.101656	-7.7895	0.85744	0.0335973	0.513486	99.3197	
0.504304	-0.098873	-0.857847	-62.3304	0.0222227	0.99458	-0.101568	-7.90529	0.86324	0.0321577	0.503768	99.8117	
0.495259	-0.0991984	-0.863063	-63.1881	0.0243057	0.994653	-0.100375	-8.01801	0.868405	0.0287345	0.495022	100.313	
0.487641	-0.099218	-0.867388	-64.0538	0.026595	0.994748	-0.0988348	-8.13904	0.872639	0.0251278	0.487719	100.799	
0.479798	-0.100827	-0.871566	-64.9227	0.0276233	0.994618	-0.0998558	-8.25098	0.876944	0.023835	0.480001	101.281	
0.472114	-0.103546	-0.875435	-65.7988	0.0271773	0.994315	-0.102951	-8.36908	0.881119	0.0248126	0.472244	101.749	
0.464752	-0.106812	-0.878975	-66.6757	0.0260093	0.993916	-0.107027	-8.48038	0.885059	0.0268797	0.464703	102.216	
0.458255	-0.108356	-0.882191	-67.5545	0.0242948	0.993697	-0.109432	-8.59184	0.888488	0.0287151	0.458	102.68	
0.452727	-0.111465	-0.884655	-68.4393	0.0233078	0.993296	-0.113226	-8.71745	0.891344	0.0306411	0.45229	103.129	
0.447089	-0.115021	-0.887063	-69.318	0.0250316	0.992918	-0.116131	-8.83665	0.894139	0.0297163	0.446803	103.591	
0.443863	-0.117203	-0.888397	-70.2163	0.0295628	0.992785	-0.116204	-8.95966	0.895607	0.0253153	0.444126	104.013	
0.44018	-0.121096	-0.889706	-71.1115	0.0343316	0.992409	-0.118089	-9.07958	0.897253	0.0214355	0.440996	104.442	
0.436217	-0.125167	-0.891094	-72.0091	0.0365405	0.991926	-0.121442	-9.19056	0.899099	0.0204141	0.437268	104.869	
0.433824	-0.126243	-0.89211	-72.9038	0.038033	0.991819	-0.121857	-9.32943	0.900195	0.018935	0.435076	105.293	
0.429702	-0.127876	-0.89387	-73.776	0.041084	0.991665	-0.122116	-9.47273	0.902036	0.0157499	0.431374	105.761	
0.428015	-0.131115	-0.89421	-74.6906	0.0433808	0.991261	-0.124581	-9.58601	0.90273	0.0145311	0.429962	106.149	
0.423651	-0.132339	-0.896106	-75.5458	0.0444597	0.991116	-0.125351	-9.73036	0.904734	0.0132643	0.425771	106.647	
0.422034	-0.133538	-0.896691	-76.4352	0.0466585	0.990981	-0.12562	-9.89087	0.905379	0.0111774	0.424458	107.075	
0.420064	-0.136664	-0.897145	-77.3345	0.0501151	0.99058	-0.127432	-10.0342	0.906109	0.00856902	0.422957	107.488	
0.415846	-0.139498	-0.898673	-78.2094	0.052546	0.9902	-0.129391	-10.1636	0.907916	0.00658524	0.419101	107.955	
0.413053	-0.140361	-0.899826	-79.0842	0.0541137	0.990089	-0.1296	-10.345	0.909098	0.00483893	0.416554	108.404	
0.41292	-0.140714	-0.899831	-79.9864	0.0543109	0.990039	-0.129898	-10.5076	0.909146	0.00476693	0.41645	108.804	
0.412268	-0.142067	-0.899918	-80.8916	0.0528633	0.989833	-0.132044	-10.6356	0.909528	0.00686465	0.415586	109.209	
0.409789	-0.142336	-0.901007	-81.7734	0.0520357	0.98979	-0.132695	-10.7807	0.910695	0.00749241	0.413011	109.658	
0.414696	-0.138709	-0.899326	-82.6841	0.0504439	0.990298	-0.129479	-10.9427	0.908561	0.00832891	0.417669	110.038	
0.41905	-0.136509	-0.897642	-83.5824	0.0483715	0.990586	-0.128062	-11.0882	0.906674	0.010244	0.421709	110.452	
0.42531	-0.133672	-0.895122	-84.4818	0.0470907	0.990962	-0.125609	-11.2575	0.903822	0.0112709	0.427761	110.855	
0.429564	-0.13262	-0.893245	-85.3579	0.045634	0.991081	-0.1252	-11.3821	0.901883	0.013019	0.431785	111.321	
0.433429	-0.130867	-0.891635	-86.2193	0.0455286	0.991316	-0.123366	-11.5115	0.900037	0.0128755	0.435623	111.812	
0.442578	-0.12892	-0.887414	-87.1184	0.0459234	0.991572	-0.121149	-11.6647	0.895553	0.0128646	0.444769	112.222	
0.453553	-0.127557	-0.882054	-88.0127	0.0455073	0.991728	-0.120018	-11.8024	0.890067	0.0142947	0.455606	112.648	
0.463694	-0.127368	-0.876793	-88.9052	0.0449146	0.99172	-0.12031	-11.9378	0.884856	0.0164064	0.465575	113.078	
0.470953	-0.125534	-0.873181	-89.7536	0.0427684	0.991908	-0.119536	-12.0681	0.881121	0.0189511	0.472511	113.591	
0.479295	-0.122707	-0.869033	-90.5988	0.0384947	0.992164	-0.118862	-12.1903	0.876809	0.0235169	0.480263	114.111	
0.49075	-0.120223	-0.862966	-91.4605	0.0351466	0.99236	-0.118263	-12.3162	0.870591	0.0277071	0.491226	114.603	
0.504939	-0.117548	-0.855113	-92.3398	0.0343661	0.992636	-0.116159	-12.4489	0.86247	0.0292665	0.50526	115.06	
0.516778	-0.11413	-0.848478	-93.1794	0.0340654	0.993031	-0.112826	-12.5767	0.855442	0.0294024	0.517064	115.588	
0.529881	-0.1123	-0.840604	-94.0298	0.0350338	0.993246	-0.110608	-12.7101	0.847348	0.0291595	0.530237	116.097	
0.540051	-0.110337	-0.834368	-94.8454	0.0327136	0.993372	-0.110189	-12.8113	0.840996	0.0322126	0.540081	116.667	
0.551422	-0.109587	-0.826997	-95.6708	0.0318356	0.993376	-0.110407	-12.939	0.833619	0.0345529	0.551259	117.217	
0.561175	-0.107911	-0.820633	-96.4708	0.0295634	0.993445	-0.110419	-13.0624	0.827169	0.0377038	0.560687	117.804	
0.571263	-0.109504	-0.81343	-97.2715	0.0300918	0.993188	-0.11257	-13.1926	0.820215	0.0398297	0.570666	118.389	
0.582229	-0.108305	-0.805779	-98.0775	0.0297123	0.99326	-0.112036	-13.3233	0.812482	0.0412889	0.581523	118.966	
0.592325	-0.106913	-0.798574	-98.8811	0.0302105	0.993407	-0.11059	-13.4443	0.805133	0.0413797	0.591649	119.549	
0.602496	-0.106499	-0.790985	-99.6843	0.0320537	0.993487	-0.109349	-13.5561	0.797478	0.0405281	0.601985	120.134	
0.613736	-0.104273	-0.782595	-100.493	0.0314155	0.99368	-0.107761	-13.6777	0.788886	0.0415511	0.613133	120.71	
0.624466	-0.102392	-0.774311	-101.293	0.0293375	0.993745	-0.107749	-13.7983	0.780501	0.0445689	0.623564	121.298	
0.633489	-0.0992688	-0.767357	-102.05	0.0269075	0.993962	-0.10637	-13.9285	0.773283	0.0467367	0.632336	121.937	
0.643102	-0.0985149	-0.759418	-102.82	0.0269479	0.993988	-0.106124	-14.0469	0.765307	0.0477837	0.64189	122.565	
0.653371	-0.0975165	-0.750731	-103.598	0.0278821	0.994096	-0.104862	-14.165	0.756524	0.0475821	0.652232	123.182	
0.662321	-0.0966165	-0.742964	-104.347	0.0290917	0.994219	-0.103356	-14.2872	0.748655	0.0468409	0.661303	123.834	
0.670488	-0.0956401	-0.73573	-105.078	0.0292335	0.994292	-0.10261	-14.4103	0.741344	0.0472911	0.669457	124.504	
0.677755	-0.0930848	-0.729372	-105.805	0.0273492	0.994459	-0.101502	-14.5276	0.734779	0.0488461	0.676546	125.181	
0.685303	-0.0919033	-0.722435	-106.535	0.0269346	0.994525	-0.100967	-14.6356	0.727759	0.0497343	0.684027	125.856	
0.692326	-0.0903369	-0.715907	-107.248	0.0281188	0.994756	-0.0983309	-14.7571	0.721036	0.0479466	0.691236	126.546	
0.700061	-0.0884261	-0.708587	-107.962	0.0290607	0.995009	-0.0954584	-14.8769	0.713491	0.0462347	0.699137	127.236	
0.709588	-0.0861681	-0.699328	-108.681	0.0288923	0.995218	-0.0933102	-14.9992	0.704024	0.0460066	0.708685	127.92	
0.717006	-0.0846045	-0.691914	-109.368	0.0281754	0.995313	-0.0925057	-15.1075	0.696498	0.0468322	0.716029	128.639	
0.724943	-0.0812633	-0.683999	-110.053	0.0268712	0.995597	-0.0898034	-15.2143	0.688285	0.0467224	0.723934	129.36	
0.733036	-0.0792746	-0.675554	-110.71	0.0280137	0.995861	-0.0864645	-15.33	0.679612	0.0444569	0.732223	130.104	
0.742288	-0.076517	-0.665698	-111.378	0.0285395	0.996167	-0.082679	-15.4349	0.669473	0.042373	0.741627	130.841	
0.752559	-0.0739156	-0.654363	-112.043	0.0275229	0.996343	-0.080892	-15.5351	0.657949	0.042866	0.751841	131.581	
0.763493	-0.0708014	-0.641923	-112.711	0.0250247	0.996469	-0.0801424	-15.6405	0.645331	0.0451243	0.762569	132.318	
0.774038	-0.0696265	-0.629299	-113.37	0.0233262	0.996396	-0.0815513	-15.7442	0.63271	0.0484446	0.772872	133.063	
0.784596	-0.0676645	-0.616304	-113.999	0.0226455	0.996491	-0.0805763	-15.8433	0.619594	0.0492633	0.783375	133.834	
0.79462	-0.0663011	-0.603476	-114.593	0.0231172	0.996602	-0.0790527	-15.9375	0.606667	0.0488661	0.793453	134.633	
0.803712	-0.0651247	-0.591444	-115.154	0.0247148	0.996788	-0.0761728	-16.0399	0.594505	0.0466035	0.80274	135.454	
0.813542	-0.0641906	-0.577953	-115.745	0.0258896	0.996901	-0.0742785	-16.1352	0.58093	0.0454657	0.812683	136.255	
0.82222	-0.0641687	-0.56554	-116.286	0.0280824	0.996988	-0.0722945	-16.2209	0.568476	0.0435603	0.821546	137.092	
0.830407	-0.0638456	-0.553487	-116.84	0.0294586	0.997054	-0.0708146	-16.3085	0.556378	0.0425	0.829842	137.92	
0.837833	-0.064364	-0.542119	-117.389	0.0312433	0.997051	-0.0700908	-16.404	0.545032	0.0417868	0.837373	138.75	
0.844921	-0.0635145	-0.531107	-117.939	0.0312805	0.997093	-0.069478	-16.5012	0.533976	0.0420901	0.844451	139.58	
0.852377	-0.0614523	-0.519304	-118.488	0.0300425	0.997185	-0.0686916	-16.5938	0.522064	0.04295	0.851824	140.41	
0.859035	-0.0593708	-0.508462	-118.999	0.0292546	0.997322	-0.0670278	-16.6806	0.51108	0.0427044	0.858472	141.266	
0.865221	-0.0576077	-0.49807	-119.489	0.0284017	0.997414	-0.0660248	-16.7637	0.500586	0.04298	0.864619	142.134	
0.871165	-0.0576275	-0.487597	-119.983	0.0288941	0.997384	-0.066254	-16.8458	0.49014	0.0436295	0.870551	142.999	
0.876186	-0.0581326	-0.478455	-120.452	0.0292247	0.997281	-0.0676517	-16.9216	0.481087	0.0452928	0.875502	143.879	
0.881124	-0.0574464	-0.469383	-120.96	0.0288076	0.997271	-0.0679755	-17.0145	0.472007	0.046373	0.880374	144.735	
0.884708	-0.0566359	-0.462692	-121.426	0.0286476	0.997321	-0.0673004	-17.0852	0.465264	0.0462862	0.883961	145.617	
0.888912	-0.0556502	-0.454686	-121.92	0.029626	0.997499	-0.0641678	-17.1612	0.457119	0.043569	0.888338	146.483	
0.89237	-0.0528368	-0.448201	-122.379	0.0293596	0.997816	-0.0591739	-17.2377	0.450348	0.039646	0.891972	147.368	
0.896262	-0.0506239	-0.440625	-122.851	0.0289586	0.998024	-0.0557601	-17.3138	0.442578	0.0372158	0.895958	148.247	
0.899526	-0.0485927	-0.434156	-123.277	0.0282925	0.998188	-0.0531025	-17.3722	0.43595	0.0354837	0.899271	149.15	
0.903312	-0.0474621	-0.426351	-123.729	0.0284602	0.998302	-0.050834	-17.4347	0.428039	0.0337849	0.903128	150.039	
0.906973	-0.0465561	-0.418608	-124.191	0.0292477	0.998435	-0.0476732	-17.5173	0.420173	0.0309949	0.906915	150.922	
0.910206	-0.0469487	-0.411487	-124.597	0.0306692	0.998467	-0.0460805	-17.5817	0.413019	0.0293228	0.91025	151.834	
0.913913	-0.0474021	-0.403132	-125.012	0.0316334	0.998455	-0.0456891	-17.6274	0.404675	0.0290034	0.914	152.742	
0.917471	-0.0479521	-0.394903	-125.407	0.0324114	0.998418	-0.0459348	-17.6895	0.396481	0.0293445	0.917574	153.659	
0.921021	-0.0499525	-0.386297	-125.775	0.0343452	0.998295	-0.0472036	-17.7493	0.387997	0.0302081	0.921166	154.587	
0.925292	-0.0506855	-0.375853	-126.17	0.0345678	0.998175	-0.049508	-17.7953	0.377676	0.032817	0.925356	155.505	
0.930006	-0.0502186	-0.364097	-126.547	0.0337589	0.998106	-0.0514354	-17.8557	0.36599	0.0355437	0.92994	156.429	
0.935226	-0.0459153	-0.351062	-126.887	0.0298801	0.998254	-0.0509609	-17.9214	0.352789	0.0371702	0.934964	157.367	
0.940955	-0.0416634	-0.335959	-127.21	0.0268149	0.998453	-0.0487182	-17.973	0.337469	0.0368329	0.940616	158.312	
0.947568	-0.0375218	-0.317342	-127.536	0.0245372	0.998694	-0.0448165	-18.0363	0.318609	0.03468	0.947251	159.255	
0.954438	-0.0336112	-0.296509	-127.851	0.0221546	0.998876	-0.0419151	-18.0964	0.297585	0.0334363	0.95411	160.202	
0.960987	-0.0313219	-0.274814	-128.147	0.0209112	0.998951	-0.0407319	-18.145	0.275802	0.0333961	0.960634	161.156	
0.966799	-0.0298137	-0.253794	-128.394	0.0205445	0.999024	-0.0390953	-18.1948	0.254712	0.0325832	0.966468	162.124	
0.971968	-0.0287226	-0.233352	-128.596	0.0208867	0.999134	-0.0359821	-18.2523	0.234183	0.0300995	0.971726	163.102	
0.977177	-0.0253922	-0.210903	-128.823	0.0191038	0.999312	-0.031801	-18.2975	0.211565	0.0270461	0.97699	164.075	
0.9817	-0.02374	-0.188948	-128.998	0.0189107	0.999448	-0.027321	-18.3359	0.189492	0.0232479	0.981607	165.059	
0.985809	-0.0221271	-0.166406	-129.174	0.0185053	0.999558	-0.0232844	-18.377	0.166847	0.0198746	0.985782	166.042	
0.98937	-0.0192935	-0.144135	-129.335	0.0161783	0.99961	-0.0227539	-18.4148	0.144518	0.0201802	0.989296	167.028	
0.992256	-0.0193986	-0.122687	-129.459	0.0164926	0.99956	-0.0246575	-18.4518	0.123111	0.0224431	0.992139	168.02	
0.994537	-0.0191486	-0.102616	-129.547	0.0166203	0.999538	-0.0254373	-18.485	0.103056	0.0235929	0.994396	169.015	
0.996436	-0.0200607	-0.0819305	-129.657	0.0182061	0.999562	-0.0233216	-18.5152	0.0823625	0.0217468	0.996365	170.009	
0.997839	-0.0199316	-0.0626076	-129.692	0.0186317	0.9996	-0.0212781	-18.5526	0.0630066	0.0200657	0.997811	171.008	
0.998865	-0.0198021	-0.0433234	-129.722	0.0189451	0.999618	-0.0201035	-18.5795	0.0437049	0.0192599	0.998859	172.007	
0.999591	-0.0173577	-0.0227271	-129.763	0.01692	0.99967	-0.0193111	-18.6071	0.0230548	0.0189187	0.999555	173.006	
0.99986	-0.016599	-0.00227489	-129.785	0.0165548	0.999697	-0.0182382	-18.6419	0.00257693	0.018198	0.999831	174.005	
0.99974	-0.013264	0.0185676	-129.798	0.0136111	0.999733	-0.0186959	-18.6684	-0.0183147	0.0189437	0.999653	175.004	
0.99916	-0.0114872	0.0393304	-129.79	0.0122567	0.999737	-0.0193792	-18.7042	-0.0390975	0.019845	0.999038	176.004	
0.99817	-0.0108236	0.0594865	-129.751	0.0121165	0.999697	-0.0214163	-18.7349	-0.0592367	0.0220979	0.997999	177.002	
0.996856	-0.00777549	0.0788525	-129.675	0.00970991	0.999661	-0.0241784	-18.7578	-0.0786378	0.024868	0.996593	177.999	
0.995182	-0.00711737	0.0977812	-129.583	0.00964163	0.999632	-0.0253671	-18.7959	-0.0975646	0.0261877	0.994885	178.994	
0.993167	-0.00670387	0.116507	-129.472	0.01002	0.99956	-0.0279002	-18.8307	-0.116269	0.0288769	0.992798	179.987	
0.990746	-0.00584661	0.135604	-129.349	0.0104149	0.999401	-0.0330034	-18.87	-0.13533	0.0341103	0.990213	180.979	
0.988113	-0.00415249	0.153671	-129.208	0.0103154	0.999173	-0.0393292	-18.9136	-0.15338	0.0404469	0.987339	181.968	
0.98518	-0.00225264	0.171507	-129.064	0.00995612	0.998979	-0.0440697	-18.9648	-0.171232	0.0451241	0.984197	182.956	
0.981971	0.000762065	0.189029	-128.881	0.00845442	0.998814	-0.047946	-19.0197	-0.188841	0.0486797	0.9808	183.938	
0.978429	0.00295553	0.206562	-128.693	0.00765681	0.998692	-0.0505577	-19.082	-0.206441	0.0510487	0.977126	184.918	
0.974523	0.00385558	0.224255	-128.468	0.00762911	0.998704	-0.0503237	-19.1313	-0.224158	0.0507525	0.97323	185.891	
0.97033	0.00385443	0.241755	-128.243	0.00859987	0.99869	-0.0504398	-19.1901	-0.241633	0.0510223	0.969025	186.864	
0.966061	0.003647	0.258289	-127.99	0.0108669	0.998441	-0.0547425	-19.2473	-0.258086	0.0556914	0.964515	187.83	
0.961257	0.00420145	0.275621	-128.124	0.012207	0.998254	-0.05779	-19.1489	-0.275383	0.0589156	0.959528	186.844	
0.956348	0.00712065	0.292142	-127.845	0.0103892	0.998243	-0.0583408	-19.2112	-0.292044	0.0588293	0.954594	187.802	
0.951148	0.0105756	0.308553	-127.501	0.00814811	0.998205	-0.0593309	-19.2711	-0.308626	0.0589466	0.949355	188.739	
0.945457	0.0146734	0.325417	-127.155	0.006114	0.99801	-0.0627647	-19.331	-0.32569	0.061331	0.943485	189.675	
0.939262	0.0148941	0.342878	-126.859	0.00797695	0.997841	-0.0651963	-19.4207	-0.343109	0.0639715	0.937115	190.626	
0.932878	0.0166705	0.359806	-126.494	0.00812089	0.997701	-0.0672806	-19.4853	-0.360101	0.0656865	0.930598	191.555	
0.926085	0.0165248	0.376952	-126.11	0.011144	0.997407	-0.0711024	-19.5628	-0.37715	0.0700477	0.923499	192.475	
0.918115	0.0193833	0.395839	-126.484	0.0119378	0.996997	-0.0765093	-19.4775	-0.396134	0.0749698	0.915127	191.552	
0.908661	0.0237925	0.416855	-126.08	0.0107039	0.99672	-0.0802213	-19.5586	-0.417397	0.0773559	0.905426	192.463	
0.897668	0.0285643	0.439745	-126.503	0.00838567	0.996609	-0.0818542	-19.4655	-0.440592	0.0771655	0.894385	191.561	
0.885572	0.0351327	0.463172	-126.959	0.00511647	0.996337	-0.085357	-19.3741	-0.464475	0.0779596	0.882148	190.676	
0.871974	0.0413668	0.487801	-126.487	0.00273741	0.995996	-0.0893564	-19.4602	-0.489544	0.0792518	0.86837	191.554	
0.858449	0.0470402	0.510738	-125.959	0.000952919	0.995637	-0.0933023	-19.547	-0.512899	0.080582	0.854659	192.399	
0.843675	0.0498187	0.534537	-126.453	0.0011978	0.995508	-0.0946716	-19.4357	-0.536852	0.0805124	0.839826	191.536	
0.8281	0.0530262	0.558066	-126.96	0.000829435	0.995399	-0.0958114	-19.3173	-0.560579	0.0798043	0.824246	190.682	
0.813397	0.0547436	0.579128	-127.543	0.00354722	0.995077	-0.0990444	-19.2175	-0.581699	0.0826167	0.809198	189.876	
0.797609	0.0564764	0.600525	-128.134	0.00640582	0.994758	-0.10206	-19.1007	-0.60314	0.085251	0.793066	189.078	
0.782631	0.0588574	0.619697	-128.736	0.00752313	0.994553	-0.103961	-18.9817	-0.622441	0.0860255	0.777925	188.289	
0.766219	0.0614613	0.639634	-129.351	0.00873126	0.994328	-0.106002	-18.8621	-0.642521	0.0868059	0.761336	187.509	
0.751638	0.0634205	0.65652	-130.023	0.00893104	0.994297	-0.106275	-18.7354	-0.659516	0.0857437	0.746784	186.779	
0.736329	0.0657722	0.673419	-130.696	0.00943772	0.994169	-0.107419	-18.62	-0.676557	0.0854512	0.731415	186.049	
0.722121	0.0667587	0.688538	-130.003	0.0115661	0.994028	-0.108508	-18.7373	-0.69167	0.08632	0.717037	186.76	
0.707832	0.0677601	0.703124	-130.696	0.0140319	0.993843	-0.109903	-18.6197	-0.706242	0.0876587	0.702523	186.048	
0.693463	0.069317	0.71715	-131.421	0.0171116	0.993496	-0.112574	-18.5056	-0.720289	0.0903374	0.687766	185.37	
0.679484	0.0713057	0.730218	-132.162	0.0183249	0.993306	-0.114048	-18.3815	-0.733462	0.090875	0.673629	184.709	
0.66365	0.0744189	0.744332	-132.882	0.0174218	0.993232	-0.114837	-18.2472	-0.74784	0.0891795	0.657862	184.029	
0.648117	0.0790251	0.757429	-133.639	0.0151356	0.993068	-0.116561	-18.1206	-0.76139	0.0870096	0.642429	183.388	
0.631643	0.0851722	0.770566	-134.409	0.0110086	0.992861	-0.118767	-17.9964	-0.775181	0.083501	0.626196	182.762	
0.613656	0.0916378	0.784238	-135.167	0.00637084	0.992635	-0.120974	-17.8592	-0.789548	0.0792327	0.608553	182.124	
0.596939	0.098424	0.796227	-135.962	0.00219301	0.992242	-0.124298	-17.7206	-0.802284	0.0759446	0.592092	181.534	
0.580195	0.102021	0.808063	-135.153	0.00242732	0.991903	-0.126974	-17.862	-0.814474	0.0756313	0.575249	182.104	
0.562832	0.107741	0.819519	-134.342	0.00108787	0.991371	-0.131082	-18.0124	-0.826571	0.0746684	0.557858	182.67	
0.543857	0.111241	0.831772	-135.158	-0.000896487	0.991252	-0.131983	-17.858	-0.839177	0.0710344	0.539199	182.113	
0.522942	0.116329	0.844393	-134.322	-0.0050157	0.991046	-0.133427	-18.0026	-0.852353	0.0655393	0.518843	182.642	
0.502287	0.11983	0.856358	-133.472	-0.00892175	0.991017	-0.13344	-18.1603	-0.864655	0.0593848	0.498844	183.144	
0.481954	0.124385	0.867323	-134.329	-0.0125997	0.990754	-0.135085	-18.0136	-0.876106	0.0541767	0.479065	182.651	
0.460528	0.127568	0.878431	-133.468	-0.0152336	0.990609	-0.135872	-18.1723	-0.887515	0.0491911	0.458146	183.133	
0.439025	0.130151	0.888998	-132.589	-0.0169961	0.990478	-0.136615	-18.3293	-0.898314	0.044868	0.437057	183.584	
0.418238	0.130456	0.898921	-131.704	-0.0171827	0.990592	-0.135766	-18.4869	-0.908175	0.0413365	0.416544	184.022	
0.396519	0.131395	0.908575	-130.815	-0.0166161	0.990569	-0.136001	-18.6438	-0.917876	0.0388301	0.394963	184.452	
0.374961	0.129975	0.917884	-129.912	-0.0153691	0.990858	-0.13403	-18.7977	-0.926913	0.0361491	0.373531	184.853	
0.353864	0.131742	0.925972	-129.001	-0.017817	0.9908	-0.134156	-18.952	-0.935127	0.0309749	0.352956	185.236	
0.332746	0.13329	0.933549	-128.079	-0.0184377	0.990691	-0.134877	-19.1034	-0.942836	0.0276674	0.332106	185.592	
0.312713	0.13637	0.940007	-127.147	-0.0152081	0.990232	-0.138597	-19.2631	-0.949726	0.0290453	0.311733	185.917	
0.293892	0.139409	0.945618	-126.207	-0.00775123	0.989622	-0.143487	-19.4271	-0.955807	0.03484	0.291923	186.216	
0.276101	0.143353	0.950378	-127.152	-0.00202159	0.988899	-0.148576	-19.2623	-0.961126	0.0391007	0.273326	185.935	
0.25722	0.148469	0.954879	-126.205	-0.000524298	0.988148	-0.153501	-19.4306	-0.966353	0.0389829	0.25425	186.208	
0.237691	0.153722	0.9591	-125.252	-0.00145093	0.987453	-0.157907	-19.5997	-0.97134	0.0361414	0.234932	186.461	
0.218613	0.159162	0.962744	-124.296	-0.00382336	0.98674	-0.162261	-19.7756	-0.975804	0.0317915	0.216323	186.693	
0.199683	0.163548	0.966115	-123.337	-0.00578323	0.986152	-0.165744	-19.9626	-0.979844	0.027509	0.197863	186.907	
0.180028	0.166697	0.969434	-122.377	-0.00815117	0.985755	-0.16799	-20.1393	-0.983628	0.0223408	0.178822	187.125	
0.161556	0.169538	0.972192	-121.411	-0.0091047	0.985347	-0.170319	-20.332	-0.986822	0.0186645	0.160732	187.299	
0.142663	0.171676	0.974769	-120.441	-0.00870417	0.985022	-0.172207	-20.5144	-0.989733	0.0160831	0.142021	187.459	
0.123725	0.177525	0.976308	-119.472	-0.00688788	0.983997	-0.178051	-20.7087	-0.992293	0.0153046	0.122967	187.611	
0.105394	0.179106	0.978168	-118.499	-0.00595819	0.983743	-0.179484	-20.9089	-0.994413	0.0130885	0.104748	187.726	
0.08831	0.181909	0.979342	-117.524	-0.00932263	0.983291	-0.181802	-21.1081	-0.996049	0.00692491	0.0885302	187.825	
0.0732087	0.180789	0.980794	-116.546	-0.0136983	0.983522	-0.180269	-21.3045	-0.997223	-0.00023794	0.0744788	187.89	
0.0588356	0.18225	0.98149	-115.568	-0.0180807	0.983227	-0.181488	-21.5008	-0.998104	-0.0070681	0.061144	187.959	
0.0460503	0.181967	0.982226	-114.589	-0.0214367	0.983222	-0.181147	-21.7001	-0.998709	-0.0127138	0.0491785	188.013	
0.0347275	0.181426	0.982791	-113.615	-0.0214802	0.983293	-0.18076	-21.9111	-0.999166	-0.0148332	0.0380444	188.088	
0.0265783	0.181954	0.982948	-112.637	-0.019215	0.983206	-0.181482	-22.118	-0.999462	-0.0140639	0.0296282	188.118	
0.0200383	0.184395	0.982648	-111.654	-0.0167651	0.982769	-0.184076	-22.3023	-0.999659	-0.0127856	0.0227844	188.138	
0.0147606	0.185592	0.982516	-110.675	-0.0122749	0.982583	-0.185421	-22.5025	-0.999816	-0.00932339	0.0167816	188.162	
0.00854055	0.186332	0.98245	-109.697	-0.00323399	0.982485	-0.186311	-22.7069	-0.999958	-0.00158603	0.00899356	188.211	
0.00367449	0.188739	0.98202	-108.716	-0.000479053	0.982027	-0.188738	-22.8997	-0.999993	0.000223076	0.00369886	188.228	
-1.80128e-05	0.187643	0.982237	-107.735	-0.00829813	0.982203	-0.187637	-23.0928	-0.999966	-0.00815411	0.00153939	188.233	
-0.00246281	0.18712	0.982334	-106.755	-0.0178531	0.982172	-0.187134	-23.292	-0.999838	-0.0179985	0.000921763	188.23	
-0.00476879	0.185648	0.982605	-105.781	-0.0226987	0.982343	-0.185709	-23.5162	-0.999731	-0.0231895	-0.0004706	188.27	
-0.00581657	0.186818	0.982377	-104.801	-0.0201298	0.982173	-0.186899	-23.7149	-0.99978	-0.0208622	-0.00195226	188.297	
-0.00456419	0.186023	0.982535	-103.822	-0.0168653	0.982391	-0.186074	-23.9168	-0.999847	-0.0174201	-0.00134647	188.292	
-0.000452192	0.188289	0.982114	-102.843	-0.0139536	0.982017	-0.188277	-24.118	-0.999903	-0.0137891	0.00218324	188.271	
0.00402597	0.190107	0.981755	-101.863	-0.0128222	0.981692	-0.190042	-24.3201	-0.99991	-0.0118232	0.00638986	188.261	
0.00620658	0.190573	0.981653	-100.886	-0.011506	0.981621	-0.190494	-24.5306	-0.999915	-0.0101126	0.00828524	188.291	
0.00941566	0.191928	0.981364	-99.9068	-0.00981875	0.981378	-0.191837	-24.7314	-0.999907	-0.00782949	0.0111248	188.311	
0.0140837	0.19337	0.981025	-98.9296	-0.00900963	0.981107	-0.193257	-24.9415	-0.99986	-0.00611691	0.0155598	188.342	
0.0202747	0.193852	0.980821	-97.9515	-0.00957316	0.981016	-0.193692	-25.1452	-0.999749	-0.00546252	0.0217455	188.383	
0.0280092	0.192513	0.980895	-96.9713	-0.00996285	0.981285	-0.192305	-25.3425	-0.999558	-0.00438619	0.029403	188.403	
0.0346577	0.191024	0.980973	-95.9951	-0.0109144	0.981577	-0.190756	-25.5551	-0.99934	-0.00409553	0.0361041	188.445	
0.0419104	0.188999	0.981083	-95.017	-0.00944774	0.981976	-0.188767	-25.758	-0.999077	-0.00135769	0.0429406	188.492	
0.0492636	0.187594	0.981011	-94.0391	-0.00960232	0.982247	-0.187348	-25.9624	-0.99874	-0.000190545	0.0501904	188.536	
0.0571573	0.187745	0.980553	-93.0595	-0.0105002	0.982218	-0.187451	-26.1581	-0.99831	0.000418168	0.0581123	188.582	
0.0641392	0.188069	0.980059	-92.0835	-0.0128708	0.982156	-0.187629	-26.3655	-0.997858	-0.000579845	0.0654153	188.648	
0.0709606	0.187308	0.979735	-91.1082	-0.0145626	0.982301	-0.186744	-26.5721	-0.997373	-0.00101606	0.0724323	188.726	
0.0777726	0.187727	0.979137	-90.1334	-0.014024	0.982221	-0.187205	-26.7769	-0.996872	0.000827965	0.0790226	188.814	
0.0848199	0.186617	0.978764	-89.1564	-0.011055	0.98242	-0.186356	-26.9748	-0.996335	0.00498649	0.0853918	188.894	
0.0914668	0.185669	0.978346	-88.1813	-0.00953996	0.982583	-0.185581	-27.1745	-0.995762	0.00764116	0.091645	188.99	
0.098023	0.186788	0.977498	-87.2069	-0.00773853	0.982341	-0.186938	-27.3725	-0.995154	0.0107598	0.0977375	189.097	
0.104535	0.187787	0.976631	-86.2312	-0.0066221	0.982121	-0.188134	-27.5586	-0.994499	0.0131993	0.10391	189.213	
0.111828	0.186755	0.976021	-85.257	-0.00653114	0.982299	-0.187208	-27.7559	-0.993706	0.0145606	0.111068	189.322	
0.118343	0.187179	0.975171	-84.2833	-0.00883348	0.982232	-0.187462	-27.9532	-0.992934	0.0135706	0.117893	189.436	
0.124847	0.186899	0.974414	-83.3128	-0.0104913	0.982291	-0.187066	-28.1586	-0.992121	0.0131318	0.124597	189.562	
0.131312	0.185947	0.973746	-82.3423	-0.0102989	0.982454	-0.186221	-28.3481	-0.991288	0.0144246	0.130923	189.711	
0.136829	0.185838	0.973007	-81.3742	-0.00808381	0.982422	-0.186499	-28.5375	-0.990562	0.0176529	0.135926	189.875	
0.142099	0.182805	0.972826	-80.4076	-0.00627109	0.982945	-0.18379	-28.7287	-0.989833	0.0200157	0.140822	190.046	
0.150937	0.180305	0.971961	-79.4394	-0.0041286	0.983332	-0.181773	-28.9269	-0.988535	0.0234234	0.149165	190.198	
0.160074	0.179143	0.970713	-78.4733	-0.00199017	0.983451	-0.181166	-29.1278	-0.987103	0.0270681	0.157782	190.361	
0.169917	0.177517	0.969338	-77.5062	-0.000745676	0.983664	-0.18001	-29.3286	-0.985458	0.0298641	0.167274	190.517	
0.176962	0.177977	0.967992	-76.5448	-0.00250701	0.983593	-0.180387	-29.5234	-0.984215	0.0294948	0.174504	190.711	
