0.999932	-0.003209	0.0112041	0.0502823	0.00320105	0.999995	0.000727627	-0.0208381	-0.0112064	-0.000691713	0.999937	0.998518	
0.999815	-0.00515114	0.0185574	0.0761435	0.00514369	0.999987	0.000448887	-0.0162724	-0.0185594	-0.00035335	0.999828	1.99817	
0.999809	-0.00834075	0.0176768	0.196711	0.0083577	0.999965	-0.00088532	-0.021719	-0.0176688	0.00103289	0.999843	2.99086	
0.999844	-0.00991718	0.014586	0.244571	0.00994793	0.999948	-0.0020368	-0.0501704	-0.0145651	0.00218158	0.999892	3.98931	
0.999899	-0.0126179	0.00658578	0.304392	0.0126416	0.999914	-0.00356098	-0.045944	-0.00654028	0.00364388	0.999972	4.98751	
0.999887	-0.0142569	-0.00481385	0.241697	0.0142318	0.999885	-0.00520293	-0.0652813	0.00488748	0.00513383	0.999975	5.98536	
0.999657	-0.0138043	-0.0222597	0.237644	0.0136817	0.99989	-0.00565292	-0.0566246	0.0223353	0.00534643	0.999736	6.98531	
0.999077	-0.00935805	-0.0419136	0.192228	0.00912701	0.999942	-0.00570031	-0.0547867	0.0419645	0.0053125	0.999105	7.98428	
0.998154	-0.00591669	-0.0604451	-0.0156188	0.00552592	0.999963	-0.00663001	-0.0679714	0.0604821	0.00628376	0.99815	8.96235	
0.99666	-0.00572995	-0.081464	-0.0700582	0.00517389	0.999962	-0.0070353	-0.0736108	0.0815012	0.00659032	0.996651	9.96085	
0.994819	-0.00726951	-0.101403	-0.230124	0.00662292	0.999956	-0.00671162	-0.0801321	0.101448	0.00600526	0.994823	10.9479	
0.99276	-0.00868112	-0.119802	-0.437559	0.00804741	0.999951	-0.0057724	-0.103345	0.119847	0.00476651	0.992781	11.9259	
0.990601	-0.00721244	-0.136596	-0.624198	0.00656986	0.999965	-0.00515451	-0.103518	0.136629	0.00420864	0.990613	12.9083	
0.988228	-0.00644089	-0.152855	-0.807156	0.00593297	0.999975	-0.00377884	-0.139568	0.152875	0.00282747	0.988241	13.8908	
0.986022	-0.00595805	-0.166508	-0.971702	0.005403	0.999978	-0.0037863	-0.144443	0.166527	0.00283373	0.986033	14.8772	
0.984008	-0.00716476	-0.17798	-1.17803	0.00642781	0.999968	-0.00471691	-0.165639	0.178008	0.00349746	0.984023	15.8554	
0.982437	-0.0102964	-0.186311	-1.41392	0.00902966	0.99993	-0.0076462	-0.178789	0.186376	0.00582958	0.982461	16.8271	
0.980943	-0.0093354	-0.194069	-1.6286	0.00767608	0.999927	-0.00930039	-0.192551	0.194142	0.00763346	0.980944	17.8037	
0.979629	-0.00936979	-0.200599	-1.91667	0.00746319	0.99992	-0.0102587	-0.215423	0.200679	0.00855258	0.97962	18.761	
0.97792	-0.00996189	-0.208744	-2.12368	0.00719877	0.999876	-0.0139924	-0.203201	0.208858	0.0121808	0.97787	19.7393	
0.976231	-0.0138386	-0.216293	-2.37292	0.0105707	0.999812	-0.0162582	-0.228067	0.216477	0.0135854	0.976193	20.7074	
0.974347	-0.01979	-0.224179	-2.55911	0.0159536	0.999694	-0.0189116	-0.250021	0.224485	0.01485	0.974364	21.6897	
0.972341	-0.0203044	-0.232683	-2.81581	0.0157943	0.99965	-0.0212299	-0.268808	0.233033	0.0169676	0.972321	22.656	
0.970256	-0.01473	-0.241634	-3.0178	0.00918294	0.999668	-0.0240666	-0.289134	0.241908	0.0211319	0.970069	23.6352	
0.96813	-0.0111087	-0.250202	-3.30039	0.00482187	0.999657	-0.0257258	-0.325422	0.250402	0.0236995	0.967852	24.5937	
0.965873	-0.0135248	-0.258663	-3.57349	0.00644457	0.999582	-0.0282009	-0.346407	0.258937	0.0255715	0.965556	25.5555	
0.963328	-0.0160531	-0.267846	-3.79935	0.0079302	0.999476	-0.031381	-0.365666	0.268209	0.0281061	0.962951	26.5294	
0.961139	-0.0166272	-0.275562	-4.15037	0.00755483	0.999395	-0.0339519	-0.389144	0.27596	0.0305507	0.960683	27.4655	
0.95873	-0.0152079	-0.283911	-4.43256	0.00496117	0.999311	-0.0367756	-0.425773	0.284274	0.0338494	0.958145	28.4242	
0.956453	-0.0152631	-0.291487	-4.72625	0.00332392	0.999137	-0.0414109	-0.468464	0.291868	0.0386387	0.955678	29.3791	
0.954729	-0.0145429	-0.297121	-5.04362	0.000178265	0.998832	-0.048316	-0.51166	0.297477	0.0460757	0.953617	30.3264	
0.953544	-0.0130831	-0.30097	-5.37342	-0.0037141	0.99847	-0.0551704	-0.566633	0.301231	0.0537253	0.952037	31.2689	
0.952248	-0.0102024	-0.305154	-5.68826	-0.00930989	0.998007	-0.0624189	-0.624718	0.305183	0.0622793	0.950255	32.2163	
0.950983	-0.00742452	-0.309155	-6.04765	-0.0146566	0.997506	-0.0690404	-0.706287	0.308897	0.0701874	0.948502	33.1459	
0.949738	-0.00479539	-0.31301	-6.37552	-0.0196336	0.997002	-0.0748467	-0.770552	0.312431	0.0772302	0.946796	34.0884	
0.948145	-0.00135995	-0.317836	-6.74801	-0.0252878	0.996498	-0.0797005	-0.84569	0.316832	0.083605	0.94479	35.0134	
0.946722	0.0013049	-0.322049	-7.09507	-0.0299442	0.996017	-0.0839908	-0.926897	0.320657	0.0891594	0.94299	35.9477	
0.944592	0.00489656	-0.32821	-7.41826	-0.0355143	0.995544	-0.0873581	-1.01955	0.326319	0.0941739	0.940557	36.8895	
0.942733	0.00886082	-0.33343	-7.75112	-0.0414916	0.994998	-0.0908706	-1.06935	0.330957	0.0995013	0.938385	37.8312	
0.940802	0.00959069	-0.33882	-8.10224	-0.0429111	0.994927	-0.0909887	-1.17871	0.336229	0.100142	0.936441	38.7611	
0.938477	0.00966234	-0.345207	-8.43136	-0.04308	0.995076	-0.0892648	-1.29124	0.342645	0.0986445	0.934272	39.6986	
0.93651	0.0100378	-0.350496	-8.80976	-0.0433673	0.995231	-0.0873732	-1.39718	0.347947	0.097026	0.93248	40.6182	
0.934053	0.00892424	-0.357024	-9.16663	-0.0423044	0.995414	-0.0857958	-1.49451	0.354621	0.0952415	0.930147	41.5473	
0.93104	0.00841823	-0.36482	-9.5511	-0.0415342	0.995682	-0.0830221	-1.59536	0.362546	0.0924494	0.927369	42.4649	
0.927817	0.00770468	-0.372955	-9.92369	-0.0395617	0.996181	-0.0778398	-1.68722	0.370931	0.0869759	0.924579	43.3883	
0.924222	0.00900934	-0.381749	-10.3072	-0.0398547	0.996537	-0.0729706	-1.77029	0.379769	0.0826555	0.921381	44.3081	
0.920538	0.0111822	-0.390493	-10.7023	-0.0412006	0.996794	-0.0685811	-1.85759	0.388474	0.07922	0.918048	45.2226	
0.91665	0.0106008	-0.39955	-11.1007	-0.0409204	0.996884	-0.0674306	-1.92501	0.39759	0.07816	0.914228	46.1373	
0.912646	0.00954352	-0.40864	-11.5129	-0.0405443	0.996911	-0.0672684	-2.00104	0.406736	0.0779602	0.910213	47.0452	
0.90882	0.00923779	-0.417086	-11.9162	-0.0404963	0.996987	-0.0661589	-2.0787	0.415218	0.077017	0.906456	47.957	
0.905403	0.0100937	-0.424433	-12.351	-0.0410535	0.997114	-0.0638626	-2.16467	0.422563	0.0752458	0.903204	48.8534	
0.901949	0.00681557	-0.43179	-12.8085	-0.0376173	0.997315	-0.0628351	-2.23435	0.430202	0.0729168	0.899783	49.7399	
0.898368	0.00539318	-0.43921	-13.2474	-0.0351263	0.997604	-0.0595983	-2.31262	0.437836	0.068969	0.896406	50.635	
0.895187	0.0085069	-0.44561	-13.7125	-0.0360632	0.997922	-0.0533966	-2.40931	0.44423	0.0638701	0.893633	51.515	
0.891457	0.00739183	-0.453044	-14.1545	-0.0336855	0.998181	-0.0499969	-2.48579	0.451851	0.0598311	0.890085	52.4087	
0.888008	0.00450864	-0.459806	-14.622	-0.0305338	0.998323	-0.0491798	-2.54591	0.458814	0.0577116	0.886656	53.2907	
0.88473	0.00309382	-0.466094	-15.0761	-0.0291586	0.998387	-0.0487213	-2.60457	0.465191	0.0566959	0.883393	54.1797	
0.881652	0.00285632	-0.471892	-15.5325	-0.0283864	0.998492	-0.0469915	-2.66827	0.471046	0.0548254	0.880403	55.0672	
0.878966	0.000569898	-0.476884	-15.9864	-0.0255971	0.998614	-0.0459858	-2.73773	0.476197	0.0526268	0.877762	55.9555	
0.877311	-0.00147235	-0.47992	-16.5249	-0.0244315	0.998562	-0.0477252	-2.77584	0.4793	0.053595	0.876013	56.7973	
0.875221	0.000448632	-0.483723	-16.9943	-0.0268574	0.998502	-0.0476681	-2.84624	0.482977	0.0547117	0.873922	57.6774	
0.872337	-0.00156728	-0.488903	-17.4681	-0.0257007	0.998465	-0.0490579	-2.87607	0.488229	0.0553601	0.870958	58.5576	
0.872274	-0.00119987	-0.489016	-17.9687	-0.0254192	0.998534	-0.0477911	-2.9416	0.488356	0.0541173	0.870965	59.4208	
0.871754	-0.00200378	-0.489939	-18.4671	-0.0239292	0.998624	-0.0466617	-2.99816	0.489359	0.0524013	0.870507	60.2859	
0.871729	-0.00408108	-0.489972	-18.9577	-0.0221935	0.99861	-0.0478029	-3.04022	0.489486	0.0525454	0.870426	61.1563	
0.871201	-0.0064703	-0.490885	-19.4501	-0.0208011	0.998529	-0.0500783	-3.08778	0.490486	0.0538392	0.869784	62.0253	
0.870497	-0.00829026	-0.492104	-19.9449	-0.0195556	0.998486	-0.0514136	-3.14974	0.491785	0.0543788	0.869017	62.8921	
0.869056	-0.00907355	-0.494631	-20.4359	-0.0178511	0.998606	-0.0496825	-3.21774	0.494392	0.0520065	0.867682	63.7606	
0.86691	-0.00995371	-0.498365	-20.9198	-0.0154594	0.998783	-0.0468402	-3.27655	0.498224	0.0483107	0.865701	64.6338	
0.864478	-0.0120983	-0.502525	-21.4297	-0.0117667	0.998949	-0.0442916	-3.33924	0.502533	0.0442021	0.863427	65.4917	
0.860742	-0.0131239	-0.508872	-21.9428	-0.0102023	0.999022	-0.0430217	-3.40105	0.508939	0.0422223	0.859766	66.3478	
0.855553	-0.0162439	-0.517461	-22.4492	-0.00916391	0.998876	-0.0465076	-3.45493	0.517635	0.0445316	0.854442	67.2084	
0.850141	-0.0189414	-0.526214	-22.989	-0.00877025	0.998705	-0.050118	-3.51883	0.526482	0.0472224	0.848874	68.0478	
0.844069	-0.0202673	-0.535852	-23.5128	-0.00767738	0.998726	-0.0498677	-3.58286	0.53618	0.0462057	0.842838	68.8972	
0.838324	-0.0200314	-0.544804	-24.0488	-0.0056344	0.998953	-0.0453996	-3.64375	0.545143	0.0411292	0.837333	69.7392	
0.833106	-0.016948	-0.552854	-24.5832	-0.00626747	0.999177	-0.0400749	-3.70803	0.553079	0.0368516	0.832314	70.582	
0.828783	-0.0165007	-0.559326	-25.1152	-0.0078349	0.999125	-0.0410846	-3.76172	0.559515	0.0384325	0.827929	71.4271	
0.825863	-0.0165147	-0.56363	-25.7122	-0.0104962	0.998948	-0.0446494	-3.80415	0.563774	0.0427903	0.82482	72.2282	
0.822516	-0.0146531	-0.568554	-26.279	-0.0161734	0.998661	-0.0491359	-3.85749	0.568512	0.0496105	0.821177	73.0503	
0.819419	-0.0157626	-0.572978	-26.8679	-0.0161596	0.998589	-0.0505811	-3.9196	0.572967	0.0507062	0.818009	73.8561	
0.816255	-0.0164754	-0.577457	-27.4469	-0.0135779	0.99877	-0.0476887	-3.98324	0.577532	0.0467668	0.815027	74.669	
0.81282	-0.0174195	-0.582255	-28.0149	-0.0101404	0.998978	-0.0440426	-4.0461	0.582427	0.041703	0.811813	75.4896	
0.809992	-0.017713	-0.586173	-28.6009	-0.00853782	0.999082	-0.0419881	-4.09784	0.586379	0.0390147	0.809097	76.2982	
0.806551	-0.0170734	-0.590918	-29.1759	-0.00958095	0.999074	-0.0419434	-4.14856	0.591087	0.039491	0.805641	77.1148	
0.802815	-0.0179752	-0.595957	-29.7682	-0.0104118	0.99897	-0.0441566	-4.18531	0.596137	0.0416545	0.801802	77.9197	
0.799293	-0.0204982	-0.600592	-30.3852	-0.0101967	0.998812	-0.0476597	-4.24144	0.600856	0.0442181	0.798134	78.7047	
0.794828	-0.021545	-0.606452	-30.972	-0.00992182	0.998775	-0.0484865	-4.29966	0.606753	0.0445556	0.793641	79.5123	
0.790186	-0.0219324	-0.612474	-31.5639	-0.00927028	0.998817	-0.0477272	-4.37178	0.612797	0.0433912	0.789048	80.3151	
0.785322	-0.0226724	-0.618672	-32.1872	-0.0084648	0.998843	-0.0473494	-4.4371	0.619029	0.0424215	0.784221	81.0944	
0.780029	-0.0239635	-0.625284	-32.8083	-0.00856724	0.998764	-0.0489643	-4.4968	0.625685	0.0435505	0.77886	81.8758	
0.774367	-0.0257327	-0.632213	-33.4235	-0.0081826	0.998682	-0.0506713	-4.5535	0.632684	0.0444114	0.773136	82.6621	
0.768979	-0.0278782	-0.638666	-34.0715	-0.0078208	0.998564	-0.0530045	-4.59579	0.639226	0.0457542	0.767656	83.4226	
0.763989	-0.0285611	-0.644596	-34.7452	-0.00805085	0.99852	-0.0537849	-4.67245	0.645179	0.0462807	0.762629	84.1576	
0.75852	-0.029013	-0.651004	-35.4043	-0.00834623	0.998494	-0.0542241	-4.75623	0.651597	0.0465635	0.757135	84.905	
0.75213	-0.0318171	-0.658246	-36.0573	-0.0063532	0.998437	-0.05552	-4.82301	0.658984	0.0459403	0.750753	85.6594	
0.745647	-0.0335629	-0.665495	-36.711	-0.00445275	0.998457	-0.0553441	-4.88733	0.666326	0.0442305	0.744347	86.4134	
0.740476	-0.0342352	-0.671211	-37.3922	-0.00359394	0.998486	-0.0548928	-4.96269	0.672074	0.043059	0.739231	87.1416	
0.733994	-0.0369053	-0.678152	-38.0661	-0.00242082	0.998374	-0.0569521	-5.03166	0.679151	0.0434442	0.732712	87.8772	
0.728018	-0.0384318	-0.68448	-38.7729	-0.00226751	0.998287	-0.058463	-5.10838	0.685554	0.0441142	0.726684	88.5804	
0.721919	-0.0384482	-0.690909	-39.4704	-0.00216458	0.998325	-0.0578172	-5.185	0.691975	0.0432349	0.720626	89.2929	
0.716643	-0.0388327	-0.696358	-40.1697	-0.000734487	0.998406	-0.0564324	-5.27446	0.69744	0.0409533	0.715472	90.0021	
0.711742	-0.037813	-0.701422	-40.8486	-0.00116283	0.998485	-0.0550074	-5.3585	0.70244	0.0399667	0.71062	90.7316	
0.707177	-0.039796	-0.705916	-41.5693	-0.0021677	0.998288	-0.0584501	-5.3898	0.707033	0.0428648	0.70588	91.424	
0.702028	-0.0398425	-0.711034	-42.2877	-0.00475822	0.998149	-0.0606288	-5.4504	0.712134	0.0459463	0.700539	92.117	
0.696816	-0.0408274	-0.716087	-42.9943	-0.00671871	0.997963	-0.0634364	-5.51082	0.717219	0.0490147	0.695122	92.8221	
0.691269	-0.0409317	-0.721437	-43.7072	-0.00758076	0.997929	-0.0638825	-5.57635	0.722558	0.049629	0.689527	93.5203	
0.685687	-0.0442166	-0.726552	-44.4271	-0.00540706	0.997816	-0.0658281	-5.62407	0.727876	0.049066	0.683951	94.2127	
0.678441	-0.0460806	-0.733208	-45.1112	-0.00395544	0.997787	-0.0663688	-5.69473	0.734644	0.0479275	0.676757	94.9387	
0.673567	-0.0478404	-0.737576	-45.8573	-0.00342839	0.99769	-0.0678426	-5.7658	0.739118	0.0482252	0.671847	95.6007	
0.668782	-0.0496222	-0.741801	-46.5945	-0.00272956	0.997599	-0.0691946	-5.84367	0.743454	0.0483008	0.667041	96.2719	
0.664232	-0.0509413	-0.745789	-47.3245	-0.00170531	0.997569	-0.0696581	-5.92542	0.747524	0.0475409	0.662531	96.9505	
0.659905	-0.0528779	-0.749486	-48.0627	-0.000278314	0.997503	-0.0706211	-6.01211	0.751349	0.0468118	0.658242	97.6194	
0.656796	-0.0564299	-0.751954	-48.8364	0.000474691	0.997227	-0.0744216	-6.07609	0.754068	0.0485228	0.655001	98.2498	
0.654613	-0.0603438	-0.753552	-49.6158	0.000535897	0.996846	-0.0793611	-6.15737	0.755964	0.051547	0.652581	98.871	
0.651073	-0.0650436	-0.756223	-50.3847	0.00260388	0.996507	-0.0834689	-6.25118	0.759011	0.0523752	0.648968	99.5034	
0.642952	-0.0705851	-0.762647	-51.0966	0.00527012	0.996128	-0.0877515	-6.33156	0.765889	0.0524007	0.640835	100.201	
0.634869	-0.0770836	-0.768765	-51.8603	0.00880796	0.995668	-0.0925611	-6.42711	0.77257	0.051993	0.632798	100.84	
0.626006	-0.0812651	-0.775573	-52.6273	0.0122607	0.995458	-0.0944086	-6.5286	0.779722	0.0495913	0.624159	101.473	
0.618874	-0.0833359	-0.781057	-53.462	0.0155901	0.995463	-0.0938595	-6.63284	0.785335	0.0459105	0.617366	102.014	
0.610371	-0.0848285	-0.78756	-54.2676	0.0166233	0.995402	-0.0943319	-6.73614	0.791941	0.0444856	0.608975	102.597	
0.600712	-0.0846951	-0.794967	-55.0466	0.014635	0.995371	-0.0949871	-6.83756	0.799332	0.0454256	0.599171	103.216	
0.590829	-0.0867629	-0.802118	-55.8484	0.0141367	0.995161	-0.097231	-6.93862	0.806673	0.0461076	0.589196	103.805	
0.582147	-0.088308	-0.808274	-56.6666	0.0141322	0.995033	-0.098534	-7.05339	0.812961	0.0459386	0.580504	104.368	
0.573123	-0.0931957	-0.814152	-57.5027	0.0181864	0.994714	-0.101062	-7.16105	0.819267	0.0431146	0.571789	104.906	
0.561369	-0.0963179	-0.821941	-58.2961	0.0197549	0.994481	-0.103044	-7.25509	0.82733	0.0416086	0.560174	105.508	
0.55134	-0.0980562	-0.828498	-59.124	0.0203189	0.994353	-0.104164	-7.37133	0.834033	0.0405957	0.550219	106.056	
0.540775	-0.09998	-0.835205	-59.9611	0.0198563	0.994152	-0.106151	-7.47815	0.840933	0.0408195	0.539597	106.593	
0.530249	-0.0987482	-0.842072	-60.7865	0.0187277	0.994316	-0.104809	-7.60755	0.847635	0.0398048	0.529084	107.142	
0.520813	-0.0984582	-0.847974	-61.6324	0.0173331	0.994342	-0.104807	-7.72937	0.853495	0.0398869	0.519573	107.662	
0.512065	-0.0990241	-0.85322	-62.5033	0.0175232	0.99433	-0.104885	-7.84486	0.858768	0.0387565	0.510896	108.139	
0.503951	-0.0986091	-0.858085	-63.3643	0.019744	0.994517	-0.102692	-7.9754	0.863507	0.0348097	0.503135	108.631	
0.496559	-0.0996686	-0.862262	-64.2218	0.0224805	0.994529	-0.102011	-8.09295	0.867712	0.0312706	0.496083	109.132	
0.488345	-0.0999073	-0.866913	-65.0841	0.0219492	0.994517	-0.102249	-8.20275	0.872374	0.0309047	0.487861	109.626	
0.481033	-0.101899	-0.870761	-65.9528	0.0208444	0.994271	-0.104838	-8.31602	0.876455	0.03228	0.480401	110.108	
0.474313	-0.106175	-0.87393	-66.8299	0.0205871	0.993767	-0.109561	-8.42298	0.880116	0.0339746	0.473542	110.577	
0.468451	-0.107632	-0.876909	-67.7063	0.0192638	0.99356	-0.111659	-8.54356	0.883279	0.0354141	0.467508	111.043	
0.462321	-0.111362	-0.879692	-68.577	0.0191566	0.993105	-0.115651	-8.67297	0.886506	0.0366161	0.461267	111.517	
0.45953	-0.112627	-0.880992	-69.4718	0.0198342	0.992981	-0.116599	-8.81294	0.887941	0.0361068	0.458538	111.941	
0.454471	-0.112647	-0.88361	-70.3245	0.0236139	0.993146	-0.114466	-8.963	0.890449	0.0311559	0.454016	112.442	
0.45068	-0.116189	-0.885092	-71.2052	0.0285942	0.992864	-0.115777	-9.09578	0.892227	0.0268698	0.450786	112.896	
0.447647	-0.117746	-0.886424	-72.0946	0.0304655	0.992726	-0.116481	-9.22607	0.893691	0.0251372	0.447978	113.335	
0.444476	-0.118203	-0.887958	-72.9614	0.0323527	0.992727	-0.115955	-9.3756	0.895206	0.0228116	0.445068	113.81	
0.442989	-0.119392	-0.888542	-73.8541	0.0343838	0.992626	-0.116235	-9.50849	0.895867	0.0209394	0.443828	114.241	
0.44042	-0.122045	-0.889458	-74.7426	0.0368591	0.99234	-0.117911	-9.63241	0.897035	0.0191458	0.441545	114.683	
0.439441	-0.121953	-0.889954	-75.6293	0.0382457	0.992383	-0.117104	-9.80911	0.897457	0.0174233	0.440758	115.11	
0.435856	-0.127183	-0.890985	-76.5201	0.0399681	0.991724	-0.122011	-9.91252	0.899129	0.017568	0.437332	115.552	
0.434267	-0.127861	-0.891664	-77.3961	0.0441726	0.991706	-0.120694	-10.0921	0.899701	0.0130262	0.436313	116	
0.432538	-0.129083	-0.892328	-78.286	0.0466906	0.991577	-0.120808	-10.2439	0.900406	0.0105909	0.434922	116.43	
0.430319	-0.132009	-0.892972	-79.1724	0.0476953	0.991192	-0.123544	-10.383	0.901416	0.010573	0.432825	116.872	
0.427369	-0.135294	-0.893897	-80.0588	0.0469546	0.990726	-0.1275	-10.487	0.902857	0.0125172	0.429758	117.323	
0.425744	-0.134928	-0.894727	-80.937	0.0449627	0.990753	-0.128014	-10.617	0.903726	0.0142718	0.427873	117.783	
0.426937	-0.130385	-0.894832	-81.8148	0.0449839	0.991388	-0.122992	-10.8258	0.903162	0.0122566	0.429125	118.214	
0.429598	-0.128124	-0.893885	-82.7125	0.0440628	0.991678	-0.120965	-10.9804	0.901945	0.0125791	0.431668	118.627	
0.432341	-0.12628	-0.892824	-83.5978	0.0409951	0.991874	-0.120438	-11.0881	0.900778	0.0154689	0.434005	119.079	
0.438597	-0.12492	-0.889959	-84.505	0.0383458	0.991991	-0.120344	-11.2081	0.897865	0.0186565	0.439875	119.482	
0.441191	-0.123445	-0.888882	-85.3567	0.0360896	0.992133	-0.119872	-11.3095	0.896687	0.020807	0.442175	119.997	
0.446945	-0.120872	-0.886358	-86.2296	0.0350113	0.992434	-0.117684	-11.427	0.893876	0.0215655	0.447795	120.47	
0.453138	-0.118646	-0.88351	-87.0952	0.0341552	0.992686	-0.11579	-11.5463	0.890786	0.0222924	0.453876	120.956	
0.461237	-0.117667	-0.87944	-87.9734	0.0328572	0.992753	-0.115595	-11.6555	0.886668	0.0244208	0.461761	121.422	
0.47052	-0.115411	-0.874809	-88.8504	0.0322786	0.992997	-0.113642	-11.7948	0.881799	0.0252331	0.470951	121.882	
0.479048	-0.113611	-0.870406	-89.7053	0.0294879	0.993112	-0.113398	-11.9087	0.877293	0.0286564	0.479098	122.388	
0.48939	-0.110744	-0.865005	-90.5755	0.0262718	0.993326	-0.112309	-12.0468	0.871669	0.0322376	0.489033	122.861	
0.5006	-0.106791	-0.859066	-91.428	0.0228804	0.993647	-0.110188	-12.1807	0.865376	0.0355043	0.499864	123.366	
0.512788	-0.103633	-0.852237	-92.2894	0.0227295	0.993978	-0.107193	-12.3228	0.858214	0.0355963	0.512056	123.854	
0.527731	-0.101104	-0.843373	-93.168	0.0228709	0.994222	-0.104877	-12.4437	0.849104	0.0360582	0.526994	124.316	
0.539762	-0.099074	-0.835968	-94.0161	0.0230207	0.994416	-0.102989	-12.5525	0.841503	0.0363447	0.539028	124.834	
0.5527	-0.0974638	-0.827662	-94.8643	0.0227253	0.994531	-0.101938	-12.6714	0.833071	0.0375325	0.551892	125.351	
0.567577	-0.0966885	-0.817623	-95.7298	0.0226998	0.994541	-0.101852	-12.8036	0.823007	0.0392492	0.566673	125.834	
0.57853	-0.0956112	-0.810038	-96.5397	0.0210885	0.994527	-0.102326	-12.9239	0.815388	0.0421159	0.577381	126.408	
0.589682	-0.0963243	-0.801871	-97.3544	0.0211769	0.994365	-0.103874	-13.0443	0.807358	0.0442717	0.588399	126.975	
0.600612	-0.0954277	-0.793825	-98.1601	0.0211221	0.994399	-0.103558	-13.168	0.799261	0.045431	0.599264	127.554	
0.610477	-0.0937368	-0.786468	-98.9584	0.0215356	0.994569	-0.101823	-13.2824	0.791741	0.0452238	0.60918	128.146	
0.620913	-0.0932055	-0.778319	-99.7585	0.0240151	0.994702	-0.0999595	-13.4022	0.783512	0.0433747	0.619861	128.733	
0.632612	-0.09082	-0.769125	-100.572	0.0230605	0.994869	-0.0985088	-13.5067	0.774125	0.0445815	0.63146	129.305	
0.644097	-0.0876165	-0.759909	-101.352	0.0210282	0.995071	-0.0969069	-13.6306	0.764655	0.0464379	0.642765	129.919	
0.654308	-0.084894	-0.751448	-102.121	0.0185097	0.995179	-0.0963123	-13.7355	0.756002	0.0491088	0.652725	130.549	
0.663762	-0.0836584	-0.743251	-102.891	0.0178079	0.995211	-0.096115	-13.8408	0.747732	0.0505617	0.662073	131.179	
0.672513	-0.0813417	-0.735602	-103.641	0.0180455	0.995448	-0.0935772	-13.9634	0.739865	0.0496576	0.67092	131.829	
0.681226	-0.0802532	-0.727661	-104.383	0.0192977	0.995596	-0.0917375	-14.0802	0.731818	0.0484518	0.679775	132.488	
0.689317	-0.0796246	-0.720071	-105.108	0.0196571	0.995631	-0.0912782	-14.1922	0.724193	0.0487651	0.687871	133.168	
0.697533	-0.0780075	-0.712294	-105.841	0.0184899	0.995685	-0.0909365	-14.2963	0.716314	0.0502609	0.695965	133.84	
0.7045	-0.076071	-0.705615	-106.56	0.0178783	0.995826	-0.089508	-14.4142	0.709478	0.0504432	0.70292	134.525	
0.712179	-0.0741545	-0.698071	-107.273	0.0188673	0.996068	-0.0865614	-14.5267	0.701745	0.0484764	0.710777	135.217	
0.719922	-0.0720514	-0.690305	-107.98	0.0195903	0.99631	-0.0835602	-14.6394	0.693778	0.0466335	0.718677	135.916	
0.727007	-0.0701639	-0.683036	-108.671	0.0192175	0.996455	-0.0819047	-14.7505	0.686362	0.046419	0.725778	136.63	
0.73399	-0.0680542	-0.675742	-109.355	0.0178033	0.996553	-0.0810253	-14.8486	0.678927	0.0474413	0.732671	137.353	
0.742305	-0.0642696	-0.666972	-110.051	0.0160517	0.996809	-0.0781881	-14.9448	0.669869	0.0473334	0.740969	138.065	
0.750594	-0.0624922	-0.657802	-110.711	0.0170543	0.997018	-0.0752583	-15.0441	0.660543	0.04527	0.749422	138.809	
0.759567	-0.0597239	-0.647681	-111.372	0.0174828	0.99729	-0.0714591	-15.1412	0.650194	0.0429547	0.758553	139.554	
0.768687	-0.0577865	-0.637009	-111.977	0.0166839	0.997383	-0.0703453	-15.2138	0.639407	0.0434458	0.76764	140.346	
0.777878	-0.0551499	-0.625991	-112.612	0.0146116	0.99746	-0.0697195	-15.3013	0.628245	0.0450865	0.776708	141.114	
0.787265	-0.054038	-0.614243	-113.226	0.0129352	0.997381	-0.0711657	-15.3801	0.616479	0.0480808	0.785902	141.899	
0.797536	-0.0520821	-0.601019	-113.854	0.0122332	0.997458	-0.070203	-15.4694	0.603147	0.0486371	0.796146	142.672	
0.807703	-0.0510785	-0.587373	-114.466	0.0129286	0.997535	-0.0689684	-15.5509	0.589448	0.0481121	0.806373	143.459	
0.817447	-0.0496022	-0.573865	-115.046	0.014086	0.997709	-0.0661724	-15.6395	0.575832	0.0460089	0.816272	144.269	
0.826871	-0.0486861	-0.56028	-115.625	0.0153042	0.997825	-0.0641207	-15.7282	0.562183	0.0444449	0.825818	145.079	
0.835502	-0.048834	-0.547313	-116.174	0.0171785	0.997878	-0.0628118	-15.784	0.549219	0.0430773	0.834568	145.913	
0.843455	-0.0485444	-0.535003	-116.728	0.0185325	0.997945	-0.061333	-15.8637	0.536881	0.0418167	0.842621	146.742	
0.850066	-0.0487332	-0.524417	-117.257	0.0201407	0.99799	-0.0600939	-15.9475	0.526292	0.0405216	0.849338	147.586	
0.856494	-0.0483388	-0.513889	-117.781	0.0202602	0.997986	-0.0601079	-16.0159	0.51576	0.0410705	0.855748	148.435	
0.863678	-0.0462895	-0.501914	-118.325	0.0190032	0.998057	-0.0593466	-16.0993	0.503686	0.0417184	0.862879	149.27	
0.870151	-0.0435502	-0.490857	-118.822	0.0176395	0.998202	-0.0572934	-16.1827	0.492469	0.0411954	0.869354	150.134	
0.876546	-0.0426086	-0.479428	-119.329	0.017408	0.998229	-0.056889	-16.2659	0.481003	0.04152	0.875735	150.992	
0.882186	-0.0426155	-0.468969	-119.802	0.0177241	0.998196	-0.0573654	-16.3314	0.470568	0.0422948	0.88135	151.87	
0.886693	-0.0439268	-0.460267	-120.259	0.01877	0.998076	-0.0590941	-16.3969	0.461977	0.0437591	0.885812	152.757	
0.891774	-0.0428727	-0.450446	-120.769	0.0181513	0.998089	-0.0590614	-16.4853	0.452117	0.0444932	0.890848	153.613	
0.895204	-0.0420743	-0.443666	-121.224	0.0179751	0.998132	-0.0583872	-16.5478	0.445293	0.0442936	0.894288	154.501	
0.898784	-0.0410797	-0.436463	-121.694	0.0188969	0.998305	-0.0550468	-16.6223	0.437984	0.0412274	0.898037	155.381	
0.90182	-0.0383154	-0.430409	-122.127	0.0184834	0.99857	-0.0501661	-16.6893	0.431716	0.0372854	0.901239	156.28	
0.905524	-0.036123	-0.422753	-122.597	0.0180366	0.998746	-0.046706	-16.7717	0.42391	0.0346684	0.90504	157.158	
0.908536	-0.0342369	-0.416402	-122.98	0.0173689	0.99887	-0.0442311	-16.8097	0.417446	0.0329531	0.908104	158.081	
0.911032	-0.0339817	-0.410932	-123.349	0.0180405	0.998929	-0.0426099	-16.8459	0.41194	0.0314056	0.91067	159.01	
0.914549	-0.0330965	-0.403118	-123.804	0.0187722	0.999046	-0.0394348	-16.9233	0.404039	0.0284976	0.914298	159.897	
0.918115	-0.0347896	-0.394783	-124.216	0.0211137	0.999019	-0.0389344	-16.9557	0.39575	0.0274109	0.917949	160.808	
0.921165	-0.0353807	-0.38756	-124.592	0.0223639	0.999026	-0.0380467	-17.0114	0.388529	0.0263799	0.921059	161.733	
0.924865	-0.0358724	-0.378599	-124.992	0.0230261	0.998997	-0.0384057	-17.0584	0.379597	0.0268025	0.924764	162.648	
0.928485	-0.0378901	-0.369433	-125.388	0.0249561	0.998899	-0.0397286	-17.112	0.370531	0.0276678	0.928408	163.565	
0.932299	-0.037911	-0.359695	-125.766	0.0249616	0.998864	-0.0405794	-17.1719	0.360825	0.0288536	0.932187	164.489	
0.936554	-0.0378497	-0.348473	-126.099	0.0244096	0.998782	-0.0428805	-17.2048	0.349672	0.0316538	0.936337	165.431	
0.941543	-0.0349063	-0.335081	-126.441	0.0218231	0.998848	-0.0427319	-17.2537	0.336186	0.0329214	0.94122	166.37	
0.947247	-0.0312975	-0.318971	-126.779	0.0193245	0.998987	-0.040633	-17.3038	0.31992	0.0323256	0.946893	167.31	
0.953383	-0.0276342	-0.300495	-127.108	0.0173447	0.99917	-0.0368563	-17.3575	0.301264	0.0299261	0.953071	168.252	
0.959907	-0.0231795	-0.279359	-127.437	0.0143593	0.999333	-0.0335787	-17.4174	0.279951	0.028221	0.9596	169.195	
0.965748	-0.0212381	-0.258609	-127.694	0.0133102	0.999387	-0.0323686	-17.4604	0.259138	0.0278178	0.965439	170.16	
0.970996	-0.0199855	-0.238259	-127.929	0.0130328	0.999443	-0.0307208	-17.4964	0.23874	0.0267246	0.970716	171.131	
0.976144	-0.0192732	-0.216267	-128.194	0.0136561	0.99953	-0.0274378	-17.5448	0.216694	0.0238298	0.975949	172.094	
0.980929	-0.016087	-0.1937	-128.427	0.0117957	0.999659	-0.0232873	-17.5855	0.194009	0.0205583	0.980784	173.066	
0.985113	-0.0148644	-0.171261	-128.623	0.0118146	0.999753	-0.0188138	-17.6264	0.171499	0.0165103	0.985046	174.046	
0.988698	-0.013576	-0.149308	-128.784	0.0114609	0.999822	-0.0150171	-17.6689	0.149485	0.0131361	0.988677	175.032	
0.991839	-0.0115106	-0.126975	-128.946	0.00975783	0.999848	-0.0144172	-17.7001	0.127122	0.0130606	0.991801	176.018	
0.994362	-0.012123	-0.105346	-129.076	0.0104584	0.999812	-0.0163386	-17.7205	0.105524	0.0151447	0.994301	177.009	
0.996363	-0.01152	-0.0844241	-129.192	0.0101191	0.999804	-0.017003	-17.7521	0.0846034	0.0160869	0.996285	178.002	
0.997943	-0.0113323	-0.0630901	-129.303	0.0104313	0.999839	-0.0145933	-17.7852	0.0632453	0.0139052	0.997901	178.995	
0.999035	-0.0106838	-0.042601	-129.381	0.010162	0.999871	-0.0124461	-17.8144	0.0427285	0.0120011	0.999015	179.992	
0.999704	-0.00990585	-0.0222292	-129.435	0.00965885	0.999891	-0.0111911	-17.8421	0.0223376	0.0109731	0.99969	180.99	
0.999956	-0.00893591	-0.00276606	-129.447	0.00890625	0.999905	-0.0105553	-17.8661	0.00286011	0.0105302	0.99994	181.99	
0.999809	-0.00849649	0.0175947	-129.454	0.00866716	0.999916	-0.00964693	-17.891	-0.0175113	0.00979758	0.999799	182.989	
0.999267	-0.0064391	0.0377271	-129.441	0.00681159	0.999929	-0.00975313	-17.9159	-0.0376617	0.010003	0.99924	183.989	
0.998315	-0.00516808	0.0577969	-129.411	0.00577654	0.99993	-0.0103653	-17.9426	-0.0577393	0.0106817	0.998275	184.988	
0.997002	-0.00504725	0.0772102	-129.353	0.00600114	0.999908	-0.0121273	-17.9711	-0.077142	0.0125543	0.996941	185.986	
0.995379	-0.00264868	0.0959841	-129.283	0.00403922	0.99989	-0.0142958	-17.988	-0.0959357	0.0146175	0.99528	186.984	
0.993314	-0.00198077	0.11543	-129.199	0.00381294	0.99987	-0.0156539	-18.0138	-0.115384	0.0159894	0.993192	187.98	
0.990985	-0.00168672	0.13396	-129.091	0.00414	0.999829	-0.0180371	-18.0419	-0.133907	0.018429	0.990823	188.973	
0.988332	-0.000640301	0.152314	-128.929	0.0042054	0.999725	-0.0230852	-18.0624	-0.152258	0.0234564	0.988062	189.96	
0.98542	0.000508836	0.170138	-128.789	0.0044976	0.999568	-0.029039	-18.0949	-0.17008	0.0293808	0.984992	190.95	
0.982224	0.00254956	0.187696	-128.63	0.00387962	0.999418	-0.0338779	-18.1216	-0.187673	0.0340039	0.981643	191.937	
0.978712	0.00490281	0.205179	-128.455	0.00286715	0.99929	-0.0375547	-18.1734	-0.205218	0.0373435	0.978004	192.92	
0.974863	0.00665513	0.222704	-128.26	0.00227041	0.999205	-0.0397981	-18.2243	-0.222792	0.0393033	0.974073	193.899	
0.970888	0.00663487	0.239441	-128.042	0.00275997	0.99924	-0.0388799	-18.2768	-0.239517	0.0384089	0.970132	194.874	
0.966347	0.00725399	0.257142	-127.827	0.00286201	0.999237	-0.0389441	-18.3305	-0.257228	0.0383695	0.965589	195.849	
0.961734	0.00680181	0.273901	-127.567	0.00513976	0.999068	-0.042857	-18.3812	-0.273937	0.0426248	0.960803	196.813	
0.957154	0.00729249	0.289488	-127.289	0.00647243	0.998894	-0.0465634	-18.425	-0.289507	0.0464421	0.956049	197.773	
0.95217	0.0101442	0.3054	-127.016	0.00438178	0.998893	-0.0468409	-18.4793	-0.305537	0.0459387	0.951071	198.733	
0.946309	0.0137984	0.322968	-126.713	0.00190113	0.998834	-0.0482442	-18.5241	-0.323257	0.046268	0.94518	199.685	
0.940555	0.0173432	0.339199	-126.37	0.000260012	0.998658	-0.0517822	-18.5709	-0.339642	0.0487922	0.939288	200.623	
0.93394	0.0180765	0.356972	-126.059	0.00159461	0.9985	-0.0547343	-18.6382	-0.357426	0.0516878	0.93251	201.572	
0.927326	0.01979	0.37373	-125.7	0.00159374	0.998383	-0.0568215	-18.6921	-0.37425	0.0532877	0.925795	202.503	
0.920459	0.019235	0.390366	-125.301	0.0047756	0.99816	-0.060444	-18.7539	-0.390811	0.0575005	0.918673	203.418	
0.912473	0.0223333	0.408526	-124.899	0.00526495	0.997785	-0.0663067	-18.8125	-0.409102	0.062654	0.910335	204.332	
0.903241	0.0257981	0.428358	-124.496	0.00461976	0.997549	-0.0698192	-18.89	-0.42911	0.0650424	0.900908	205.244	
0.891808	0.0308304	0.451363	-124.069	0.00187692	0.997415	-0.0718369	-18.9651	-0.452411	0.0649119	0.889444	206.145	
0.878499	0.0367323	0.47633	-123.649	-0.000864034	0.99716	-0.0753028	-19.0513	-0.477743	0.0657419	0.876036	207.048	
0.864299	0.0420699	0.501216	-123.209	-0.00260304	0.996857	-0.0791832	-19.1378	-0.502972	0.0671333	0.861692	207.942	
0.849659	0.0469188	0.525241	-122.747	-0.00403738	0.996584	-0.0824919	-19.2301	-0.527317	0.0679693	0.846946	208.824	
0.834601	0.0498735	0.548593	-122.244	-0.00442327	0.996468	-0.0838613	-19.3269	-0.550837	0.0675642	0.831873	209.683	
0.818817	0.0531094	0.571593	-121.694	-0.0048878	0.99632	-0.085571	-19.4211	-0.574034	0.0672731	0.816063	210.513	
0.802361	0.0551473	0.594286	-121.127	-0.00264	0.99604	-0.0888641	-19.5129	-0.596833	0.0697322	0.79933	211.332	
0.786201	0.0566997	0.615364	-120.542	0.000174232	0.995762	-0.0919722	-19.6173	-0.617971	0.0724159	0.782859	212.135	
0.770381	0.058422	0.634901	-119.937	0.00171145	0.9956	-0.0936893	-19.7206	-0.637581	0.0732631	0.766892	212.925	
0.755957	0.0591998	0.651939	-119.281	0.00387747	0.99548	-0.0948914	-19.8213	-0.65461	0.0742617	0.752311	213.673	
0.740556	0.0602314	0.66929	-118.631	0.00500918	0.995453	-0.0951262	-19.9252	-0.671976	0.0737989	0.736887	214.426	
0.725525	0.0614809	0.685444	-117.979	0.00614361	0.995383	-0.0957837	-20.0251	-0.688168	0.0737046	0.721798	215.178	
0.710226	0.0621117	0.701228	-117.309	0.0083197	0.99529	-0.0965848	-20.1281	-0.703924	0.0744311	0.706364	215.913	
0.695098	0.062871	0.716161	-116.617	0.0111478	0.995106	-0.0981792	-20.2322	-0.718829	0.0762278	0.690995	216.628	
0.679321	0.0646009	0.730993	-115.92	0.0138217	0.994815	-0.100761	-20.3455	-0.733711	0.0785523	0.674905	217.335	
0.664366	0.0667305	0.744423	-115.198	0.0152183	0.994592	-0.102737	-20.452	-0.747253	0.0795841	0.659757	218.019	
0.64868	0.0698737	0.757847	-114.469	0.0144939	0.994462	-0.104096	-20.5687	-0.760923	0.078509	0.644075	218.694	
0.633035	0.0736466	0.770612	-113.707	0.0126726	0.994345	-0.105439	-20.6882	-0.77402	0.076512	0.628522	219.33	
0.616154	0.0797685	0.783576	-112.946	0.00826263	0.994149	-0.107702	-20.8072	-0.787582	0.0728356	0.61189	219.968	
0.599044	0.0853054	0.796159	-112.176	0.00406248	0.993972	-0.109557	-20.9296	-0.800706	0.0688639	0.595087	220.594	
0.581127	0.0915675	0.808645	-111.394	0.000506587	0.993609	-0.112876	-21.0548	-0.813813	0.066005	0.577367	221.205	
0.562481	0.0953588	0.821293	-110.612	0.00121058	0.993231	-0.116151	-21.1775	-0.826809	0.0663271	0.558558	221.815	
0.544539	0.100252	0.832723	-109.812	2.80054e-05	0.992829	-0.119546	-21.3222	-0.838736	0.0651205	0.540631	222.398	
0.525059	0.10382	0.84471	-109.004	-0.00197288	0.992677	-0.12078	-21.4577	-0.851064	0.0617501	0.521419	222.97	
0.504325	0.108106	0.85672	-108.174	-0.00588389	0.99254	-0.121781	-21.5953	-0.863494	0.0563761	0.501198	223.511	
0.48331	0.111658	0.8683	-107.325	-0.00993181	0.992468	-0.122097	-21.7392	-0.875393	0.0503868	0.480779	224.02	
0.461368	0.115332	0.87968	-106.478	-0.0136642	0.992321	-0.122934	-21.8848	-0.887103	0.0446975	0.459401	224.531	
0.439956	0.117308	0.890324	-105.614	-0.0155771	0.992279	-0.123044	-22.0254	-0.897884	0.0402654	0.438387	225.014	
0.417931	0.119877	0.900535	-104.736	-0.0171394	0.99212	-0.124114	-22.1728	-0.908317	0.0364364	0.416692	225.47	
0.396834	0.120568	0.909937	-103.846	-0.0179281	0.992165	-0.123645	-22.3187	-0.917715	0.032753	0.395887	225.902	
0.375737	0.120978	0.918796	-102.946	-0.0171167	0.992179	-0.12364	-22.4593	-0.926568	0.0307295	0.374869	226.314	
0.355803	0.119217	0.926926	-102.029	-0.016319	0.992472	-0.121383	-22.6062	-0.934419	0.028062	0.35507	226.687	
0.33393	0.120025	0.934925	-101.122	-0.0182684	0.992498	-0.120891	-22.7472	-0.942421	0.0232895	0.333618	227.082	
0.312789	0.122307	0.941915	-100.197	-0.0193225	0.992289	-0.122431	-22.8925	-0.949626	0.0200949	0.31274	227.434	
0.293232	0.124351	0.94792	-99.2604	-0.0154201	0.991991	-0.125363	-23.0306	-0.955917	0.0221434	0.292801	227.756	
0.273987	0.125922	0.953454	-98.3191	-0.00706491	0.991628	-0.128933	-23.1704	-0.961707	0.02859	0.272583	228.063	
0.255014	0.129947	0.958166	-97.3722	-0.0015611	0.990983	-0.133982	-23.3194	-0.966936	0.0326714	0.252918	228.348	
0.236685	0.135138	0.962142	-96.4158	-0.000259038	0.990288	-0.139028	-23.4714	-0.971586	0.0326566	0.234422	228.598	
0.217411	0.140421	0.965927	-95.4622	-0.00186648	0.989656	-0.14345	-23.6392	-0.976078	0.0293848	0.215424	228.848	
0.198283	0.147018	0.969056	-94.5024	-0.00434537	0.988809	-0.149126	-23.8062	-0.980135	0.0253582	0.196703	229.073	
0.179461	0.150702	0.972153	-93.5432	-0.00570281	0.98834	-0.152159	-23.9758	-0.983748	0.0217626	0.178228	229.299	
0.160375	0.153137	0.975104	-92.579	-0.00773875	0.988056	-0.153899	-24.1383	-0.987026	0.0171354	0.159645	229.509	
0.141319	0.156623	0.977496	-91.6116	-0.00841474	0.98756	-0.157019	-24.3136	-0.989928	0.0139644	0.140879	229.692	
0.123165	0.157877	0.979747	-90.6379	-0.00794899	0.98739	-0.158109	-24.4813	-0.992354	0.0116856	0.122867	229.846	
0.104515	0.163619	0.980972	-89.6642	-0.0060818	0.986461	-0.163886	-24.6587	-0.994505	0.0111625	0.104095	229.989	
0.087148	0.165445	0.982361	-88.6867	-0.00537131	0.986176	-0.165611	-24.8413	-0.996181	0.00915612	0.086832	230.095	
0.0703533	0.168017	0.98327	-87.7078	-0.00844853	0.985778	-0.167841	-25.0253	-0.997486	0.00350095	0.0707723	230.183	
0.0553172	0.166951	0.984412	-86.7278	-0.0127112	0.98596	-0.166499	-25.2118	-0.998388	-0.00330278	0.0566627	230.252	
0.0410166	0.168794	0.984797	-85.749	-0.0175386	0.985597	-0.168201	-25.4034	-0.999005	-0.010373	0.0433862	230.325	
0.0282414	0.168452	0.985305	-84.7683	-0.0209006	0.985582	-0.1679	-25.5926	-0.999383	-0.0158517	0.031355	230.374	
0.0180352	0.168369	0.985559	-83.7863	-0.0208152	0.985569	-0.16799	-25.7793	-0.999621	-0.0174849	0.0212795	230.403	
0.00988181	0.168874	0.985588	-82.8051	-0.0185416	0.985498	-0.168673	-25.9711	-0.999779	-0.0166076	0.0128697	230.425	
0.00334521	0.171308	0.985212	-81.8195	-0.0160447	0.9851	-0.171234	-26.1399	-0.999866	-0.0152346	0.00604394	230.435	
-0.00194761	0.171295	0.985218	-80.8425	-0.0129827	0.985132	-0.171306	-26.3508	-0.999914	-0.0131244	0.00030522	230.466	
-0.00713661	0.171255	0.985201	-79.8594	-0.00412425	0.985213	-0.171287	-26.5337	-0.999966	-0.00528563	-0.00632477	230.475	
-0.00928747	0.172655	0.984939	-78.8775	-0.00188063	0.984976	-0.172679	-26.7185	-0.999955	-0.00345606	-0.00882324	230.434	
-0.0122331	0.172034	0.985015	-77.8948	-0.0100584	0.985018	-0.172159	-26.903	-0.999875	-0.0120138	-0.0103194	230.418	
-0.0150966	0.170924	0.985169	-76.9143	-0.0200892	0.98503	-0.171207	-27.0992	-0.999684	-0.0223759	-0.0114369	230.426	
-0.0163414	0.170558	0.985212	-75.9322	-0.0235467	0.985005	-0.170912	-27.2876	-0.999589	-0.0259915	-0.0120803	230.427	
-0.0172317	0.171271	0.985073	-74.9528	-0.0226614	0.9849	-0.171637	-27.4898	-0.999595	-0.0252807	-0.0130903	230.432	
-0.0170816	0.170585	0.985195	-73.97	-0.0192607	0.9851	-0.170902	-27.6744	-0.999669	-0.0218948	-0.0135415	230.433	
-0.0165774	0.172928	0.984795	-72.9846	-0.0156868	0.984764	-0.173187	-27.8434	-0.99974	-0.0183193	-0.0136122	230.453	
-0.0144362	0.175472	0.984379	-72.0007	-0.01427	0.984345	-0.175675	-28.0219	-0.999794	-0.0165832	-0.0117062	230.449	
-0.0112379	0.177002	0.984146	-71.0187	-0.0125985	0.984105	-0.177139	-28.2107	-0.999857	-0.0143894	-0.00882934	230.446	
-0.0119392	0.179222	0.983736	-70.0406	-0.0131296	0.983693	-0.179373	-28.4147	-0.999843	-0.0150576	-0.00939141	230.488	
-0.00571681	0.180791	0.983505	-69.058	-0.0112045	0.983448	-0.180845	-28.5995	-0.999921	-0.0120536	-0.00359651	230.469	
0.00105614	0.180979	0.983486	-68.0779	-0.0123561	0.983414	-0.180952	-28.7979	-0.999923	-0.011961	0.00327482	230.466	
0.00893105	0.178225	0.983949	-67.0964	-0.0136757	0.983918	-0.178095	-28.9892	-0.999867	-0.0118656	0.0112248	230.461	
0.0166087	0.175641	0.984314	-66.1152	-0.0140833	0.984393	-0.175417	-29.182	-0.999763	-0.010949	0.0188231	230.455	
0.0249123	0.173057	0.984597	-65.1319	-0.0127904	0.984877	-0.172783	-29.3641	-0.999608	-0.00828895	0.026749	230.448	
0.0321985	0.173464	0.984314	-64.1502	-0.0129342	0.984814	-0.173129	-29.5526	-0.999398	-0.00715679	0.0339531	230.475	
0.0390891	0.173537	0.984051	-63.1682	-0.0137688	0.984804	-0.173123	-29.7362	-0.999141	-0.00678196	0.0408844	230.519	
0.0459468	0.172871	0.983872	-62.1863	-0.0157069	0.984916	-0.172321	-29.9169	-0.99882	-0.00753596	0.047969	230.576	
0.0521306	0.172398	0.983647	-61.205	-0.0166096	0.985	-0.171755	-30.0994	-0.998502	-0.00738428	0.0542121	230.637	
0.0590116	0.172553	0.983231	-60.2275	-0.0165053	0.984981	-0.17187	-30.3013	-0.998121	-0.0060862	0.0609733	230.698	
0.0658183	0.171587	0.982968	-59.2471	-0.0142953	0.985165	-0.171013	-30.4853	-0.997729	-0.00279599	0.0672948	230.768	
0.0722843	0.171604	0.982511	-58.2648	-0.0112682	0.985165	-0.171239	-30.6546	-0.99732	0.00130675	0.0731456	230.848	
0.0797938	0.173074	0.981671	-57.2838	-0.00921083	0.984897	-0.172894	-30.8338	-0.996769	0.0047539	0.0801829	230.923	
0.0861221	0.174118	0.980952	-56.3055	-0.00863628	0.984703	-0.174026	-31.0142	-0.996247	0.00651569	0.0863084	231.025	
0.0932993	0.174684	0.980194	-55.3275	-0.00916732	0.984597	-0.174596	-31.2044	-0.995596	0.00730395	0.0934637	231.111	
0.100329	0.175314	0.979387	-54.3513	-0.0121032	0.984496	-0.174988	-31.3992	-0.994881	0.00570269	0.100895	231.206	
0.106746	0.175009	0.978763	-53.3769	-0.0138917	0.984554	-0.174529	-31.5944	-0.994189	0.00503362	0.107528	231.317	
0.113275	0.173634	0.978274	-52.4022	-0.0144648	0.984795	-0.173116	-31.786	-0.993458	0.00545916	0.114064	231.433	
0.119884	0.173748	0.977466	-51.4272	-0.0137325	0.984763	-0.173361	-31.9754	-0.992693	0.00736023	0.120444	231.548	
0.126453	0.171441	0.977045	-50.4525	-0.0124139	0.985148	-0.171257	-32.1507	-0.991895	0.00952695	0.126703	231.687	
0.134659	0.168798	0.976409	-49.4779	-0.00973381	0.985562	-0.169038	-32.3282	-0.990844	0.0132583	0.134358	231.824	
0.14386	0.167865	0.975257	-48.5044	-0.00733041	0.985662	-0.168575	-32.5123	-0.989571	0.0171022	0.143028	231.959	
0.153464	0.167188	0.973908	-47.5301	-0.00577191	0.985718	-0.168306	-32.687	-0.988137	0.0202076	0.152237	232.102	
0.161221	0.168424	0.972441	-46.559	-0.00671999	0.985495	-0.169571	-32.8644	-0.986895	0.0208037	0.160015	232.262	
