0.999932	-0.00320758	0.0112061	-0.0614391	0.00319961	0.999995	0.000728968	0.0199823	-0.0112084	-0.000693063	0.999937	-0.997911	
0.999814	-0.00514972	0.0185594	-0.0282302	0.00514225	0.999987	0.000450231	0.0243007	-0.0185615	-0.000354711	0.999828	0.00152831	
0.999809	-0.00833933	0.0176789	0.091492	0.00835626	0.999965	-0.00088397	0.0177903	-0.0176709	0.00103153	0.999843	0.994314	
0.999844	-0.00991576	0.0145881	0.136318	0.00994649	0.999948	-0.00203544	-0.0118166	-0.0145671	0.00218023	0.999892	1.99287	
0.999899	-0.0126165	0.00658782	0.188147	0.0126402	0.999914	-0.00355963	-0.00910991	-0.00654234	0.00364254	0.999972	2.99152	
0.999887	-0.0142555	-0.00481182	0.114124	0.0142304	0.999885	-0.00520157	-0.0303438	0.00488542	0.00513251	0.999975	3.98855	
0.999657	-0.0138029	-0.0222577	0.0926467	0.0136802	0.99989	-0.00565156	-0.0223863	0.0223332	0.00534513	0.999736	4.98829	
0.999078	-0.00935655	-0.0419115	0.0276626	0.00912558	0.999942	-0.00569895	-0.0208552	0.0419624	0.00531123	0.999105	5.98618	
0.998154	-0.00591517	-0.0604431	-0.198292	0.00552449	0.999963	-0.00662867	-0.0346578	0.06048	0.00628251	0.99815	6.96022	
0.99666	-0.00572841	-0.081462	-0.273752	0.00517246	0.999962	-0.00703396	-0.0408394	0.0814992	0.0065891	0.996652	7.95735	
0.994819	-0.00726794	-0.101401	-0.0939424	0.00662149	0.999956	-0.00671027	-0.034556	0.101446	0.00600407	0.994823	6.97366	
0.99276	-0.00867953	-0.1198	0.131558	0.00804598	0.999951	-0.00577105	-0.0121676	0.119845	0.00476536	0.992781	5.99968	
0.990601	-0.00721083	-0.136594	0.334789	0.00656843	0.999965	-0.00515316	-0.0124075	0.136627	0.00420752	0.990614	5.02055	
0.988228	-0.00643927	-0.152853	0.533901	0.00593153	0.999975	-0.0037775	0.022432	0.152873	0.00282638	0.988242	4.04119	
0.986022	-0.00595641	-0.166506	0.355733	0.00540156	0.999978	-0.00378495	0.0173955	0.166525	0.00283266	0.986033	5.02518	
0.984008	-0.0071631	-0.177977	0.138045	0.00642638	0.999968	-0.00471556	-0.00465418	0.178006	0.0034964	0.984023	6.00095	
0.982437	-0.0102947	-0.186309	-0.106028	0.00902823	0.99993	-0.00764484	-0.0204515	0.186374	0.00582854	0.982462	6.97058	
0.980944	-0.00933373	-0.194067	-0.328396	0.00767466	0.999927	-0.00929904	-0.0361283	0.19414	0.00763243	0.980944	7.94541	
0.979629	-0.00936811	-0.200597	-0.622826	0.00746177	0.99992	-0.0102573	-0.0600175	0.200677	0.00855156	0.97962	8.90079	
0.97792	-0.0099602	-0.208742	-0.837961	0.00719735	0.999876	-0.0139911	-0.0515695	0.208856	0.0121798	0.977871	9.87733	
0.976231	-0.0138369	-0.216291	-1.09467	0.0105693	0.999812	-0.0162569	-0.0781521	0.216475	0.0135844	0.976194	10.8435	
0.974347	-0.0197883	-0.224177	-1.28884	0.0159522	0.999694	-0.0189102	-0.101441	0.224483	0.014849	0.974365	11.8241	
0.972341	-0.0203027	-0.232681	-1.55393	0.0157929	0.99965	-0.0212285	-0.122666	0.233031	0.0169667	0.972321	12.7881	
0.970256	-0.0147283	-0.241632	-1.76472	0.00918155	0.999668	-0.0240653	-0.147615	0.241906	0.0211309	0.97007	13.7654	
0.96813	-0.0111069	-0.2502	-2.05569	0.00482049	0.999657	-0.0257244	-0.186469	0.2504	0.0236985	0.967852	14.7213	
0.965873	-0.0135231	-0.258662	-2.33724	0.00644319	0.999582	-0.0281996	-0.209531	0.258935	0.0255706	0.965556	15.6806	
0.963329	-0.0160513	-0.267844	-2.57242	0.00792882	0.999476	-0.0313796	-0.231469	0.268207	0.0281052	0.962951	16.6523	
0.96114	-0.0166254	-0.27556	-2.93091	0.00755346	0.999395	-0.0339506	-0.257581	0.275958	0.0305498	0.960684	17.5854	
0.958731	-0.0152061	-0.283909	-3.22132	0.00495981	0.999311	-0.0367743	-0.297687	0.284272	0.0338485	0.958146	18.5415	
0.956454	-0.0152613	-0.291485	-3.52248	0.00332256	0.999137	-0.0414096	-0.345317	0.291866	0.0386378	0.955679	19.4939	
0.95473	-0.0145411	-0.297119	-3.84527	0.000176925	0.998832	-0.0483147	-0.396015	0.297475	0.0460749	0.953617	20.439	
0.953545	-0.0130813	-0.300968	-4.17867	-0.00371542	0.99847	-0.0551691	-0.458616	0.301229	0.0537244	0.952037	21.3797	
0.952249	-0.0102006	-0.305152	-4.49739	-0.0093112	0.998007	-0.0624176	-0.525228	0.305181	0.0622784	0.950256	22.3252	
0.950983	-0.00742273	-0.309153	-4.86044	-0.0146579	0.997506	-0.0690391	-0.614478	0.308894	0.0701866	0.948503	23.2527	
0.949738	-0.00479361	-0.313009	-5.19189	-0.0196349	0.997002	-0.0748454	-0.685683	0.312429	0.0772294	0.946797	24.1935	
0.948145	-0.00135816	-0.317834	-5.56879	-0.0252891	0.996498	-0.0796992	-0.766825	0.31683	0.0836042	0.944791	25.1162	
0.946723	0.00130669	-0.322047	-5.91979	-0.0299455	0.996017	-0.0839895	-0.853364	0.320655	0.0891586	0.942991	26.0485	
0.944593	0.00489836	-0.328208	-6.24883	-0.0355155	0.995544	-0.0873568	-0.950799	0.326317	0.0941731	0.940558	26.9878	
0.942734	0.00886262	-0.333428	-6.58646	-0.0414929	0.994998	-0.0908694	-1.00569	0.330955	0.0995005	0.938386	27.9275	
0.940803	0.0095925	-0.338819	-6.94286	-0.0429124	0.994927	-0.0909874	-1.11536	0.336227	0.100141	0.936442	28.8554	
0.938478	0.00966415	-0.345205	-7.27836	-0.0430813	0.995076	-0.0892636	-1.22605	0.342643	0.0986437	0.934273	29.7909	
0.936511	0.0100396	-0.350494	-7.66193	-0.0433685	0.995231	-0.0873719	-1.33003	0.347945	0.0970252	0.932481	30.7085	
0.934053	0.00892606	-0.357022	-8.02536	-0.0423056	0.995414	-0.0857946	-1.4252	0.354619	0.0952407	0.930148	31.6353	
0.931041	0.00842006	-0.364818	-8.41753	-0.0415355	0.995682	-0.0830208	-1.52281	0.362544	0.0924487	0.92737	32.55	
0.927818	0.00770651	-0.372953	-8.79822	-0.0395629	0.996181	-0.0778385	-1.60875	0.370929	0.0869751	0.924579	33.4707	
0.924223	0.00901118	-0.381747	-9.19031	-0.0398559	0.996537	-0.0729693	-1.687	0.379767	0.0826548	0.921382	34.3873	
0.920539	0.011184	-0.390491	-9.59394	-0.0412019	0.996794	-0.0685798	-1.77034	0.388472	0.0792194	0.918049	35.2984	
0.916651	0.0106027	-0.399548	-10.0014	-0.0409217	0.996884	-0.0674293	-1.83617	0.397588	0.0781593	0.914229	36.2092	
0.912647	0.00954538	-0.408638	-10.4227	-0.0405456	0.996911	-0.0672671	-1.91149	0.406734	0.0779596	0.910214	37.113	
0.908821	0.00923966	-0.417084	-10.8344	-0.0404976	0.996987	-0.0661576	-1.98774	0.415216	0.0770163	0.906457	38.0211	
0.905404	0.0100956	-0.424431	-11.2765	-0.0410548	0.997114	-0.0638613	-2.07149	0.422562	0.0752452	0.903205	38.9142	
0.901949	0.00681745	-0.431788	-11.7413	-0.0376186	0.997315	-0.0628338	-2.13851	0.4302	0.0729162	0.899784	39.797	
0.898369	0.00539506	-0.439208	-12.1876	-0.0351276	0.997604	-0.059597	-2.21249	0.437834	0.0689685	0.896407	40.6889	
0.895188	0.00850878	-0.445608	-12.659	-0.0360645	0.997922	-0.0533953	-2.30366	0.444228	0.0638695	0.893634	41.566	
0.891458	0.00739372	-0.453043	-13.1085	-0.0336868	0.998181	-0.0499956	-2.37574	0.451849	0.0598306	0.890086	42.4564	
0.888009	0.00451053	-0.459804	-13.5828	-0.0305351	0.998323	-0.0491785	-2.43348	0.458812	0.0577111	0.886657	43.3349	
0.884731	0.00309572	-0.466092	-14.0433	-0.02916	0.998387	-0.04872	-2.49088	0.465189	0.0566953	0.883394	44.2207	
0.881653	0.00285823	-0.47189	-14.5055	-0.0283877	0.998492	-0.0469902	-2.5525	0.471044	0.0548249	0.880404	45.1054	
0.878967	0.000571804	-0.476882	-14.9645	-0.0255984	0.998614	-0.0459845	-2.61956	0.476195	0.0526263	0.877764	45.9912	
0.877312	-0.00147044	-0.479918	-15.5061	-0.0244328	0.998562	-0.0477239	-2.65867	0.479298	0.0535945	0.876014	46.831	
0.875222	0.000450542	-0.483721	-15.9792	-0.0268587	0.998502	-0.0476668	-2.7301	0.482975	0.0547112	0.873923	47.7091	
0.872338	-0.00156537	-0.488901	-16.4584	-0.025702	0.998465	-0.0490566	-2.7604	0.488227	0.0553596	0.870959	48.5863	
0.872275	-0.00119796	-0.489014	-16.9591	-0.0254205	0.998534	-0.0477898	-2.82469	0.488355	0.0541168	0.870966	49.4495	
0.871755	-0.00200186	-0.489938	-17.4584	-0.0239305	0.998624	-0.0466603	-2.87951	0.489357	0.0524009	0.870508	50.3142	
0.87173	-0.00407916	-0.48997	-17.9491	-0.0221948	0.99861	-0.0478016	-2.92171	0.489484	0.0525449	0.870428	51.1845	
0.871202	-0.00646838	-0.490883	-18.4425	-0.0208024	0.998529	-0.050077	-2.97056	0.490485	0.0538387	0.869785	52.0529	
0.870498	-0.00828835	-0.492102	-18.9386	-0.019557	0.998486	-0.0514123	-3.03304	0.491783	0.0543783	0.869018	52.9189	
0.869057	-0.00907164	-0.494629	-19.4322	-0.0178524	0.998606	-0.0496811	-3.09864	0.49439	0.052006	0.867683	53.7861	
0.866911	-0.00995179	-0.498363	-19.92	-0.0154607	0.998783	-0.0468389	-3.15371	0.498223	0.0483102	0.865702	54.6574	
0.864479	-0.0120964	-0.502523	-20.4341	-0.011768	0.998949	-0.0442902	-3.2123	0.502531	0.0442017	0.863428	55.5131	
0.860743	-0.0131219	-0.508871	-20.9536	-0.0102036	0.999022	-0.0430204	-3.27214	0.508938	0.0422218	0.859767	56.3655	
0.855554	-0.016242	-0.517459	-21.4687	-0.00916525	0.998876	-0.0465062	-3.32838	0.517633	0.0445312	0.854443	57.2208	
0.850142	-0.0189395	-0.526213	-22.0171	-0.00877157	0.998705	-0.0501167	-3.39512	0.52648	0.047222	0.848875	58.0543	
0.84407	-0.0202654	-0.53585	-22.5505	-0.00767871	0.998726	-0.0498664	-3.45825	0.536178	0.0462053	0.842839	58.8978	
0.838325	-0.0200295	-0.544803	-23.0957	-0.00563573	0.998953	-0.0453982	-3.51418	0.545142	0.0411288	0.837335	59.7343	
0.833107	-0.0169461	-0.552853	-23.6382	-0.00626882	0.999177	-0.0400735	-3.57434	0.553077	0.0368512	0.832315	60.5722	
0.828784	-0.0164987	-0.559325	-24.1767	-0.00783624	0.999125	-0.0410832	-3.62972	0.559513	0.0384321	0.82793	61.413	
0.825864	-0.0165127	-0.563628	-24.7778	-0.0104976	0.998948	-0.0446481	-3.67652	0.563772	0.04279	0.824821	62.2108	
0.822517	-0.0146512	-0.568552	-25.3493	-0.0161747	0.998661	-0.0491346	-3.73669	0.568511	0.0496102	0.821179	63.0292	
0.819421	-0.0157606	-0.572976	-25.9424	-0.0161609	0.998589	-0.0505798	-3.7999	0.572965	0.0507059	0.81801	63.8317	
0.816256	-0.0164735	-0.577455	-26.526	-0.0135792	0.99877	-0.0476874	-3.85961	0.577531	0.0467665	0.815028	64.6416	
0.812821	-0.0174175	-0.582253	-27.099	-0.0101417	0.998978	-0.0440412	-3.91743	0.582425	0.0417027	0.811814	65.4591	
0.809993	-0.0177111	-0.586172	-27.689	-0.00853917	0.999082	-0.0419868	-3.96651	0.586377	0.0390144	0.809098	66.265	
0.806552	-0.0170714	-0.590916	-28.2687	-0.00958229	0.999074	-0.041942	-4.01777	0.591085	0.0394908	0.805642	67.0782	
0.802817	-0.0179732	-0.595955	-28.866	-0.0104131	0.99897	-0.0441552	-4.05673	0.596135	0.0416543	0.801803	67.8793	
0.799294	-0.0204963	-0.600591	-29.4876	-0.0101981	0.998812	-0.0476584	-4.11554	0.600854	0.0442179	0.798135	68.6604	
0.79483	-0.021543	-0.60645	-30.0803	-0.00992315	0.998775	-0.0484852	-4.17416	0.606751	0.0445554	0.793642	69.4637	
0.790187	-0.0219304	-0.612473	-30.6784	-0.00927162	0.998817	-0.0477258	-4.24521	0.612795	0.043391	0.78905	70.262	
0.785323	-0.0226704	-0.61867	-31.3078	-0.00846614	0.998843	-0.0473481	-4.30966	0.619028	0.0424213	0.784223	71.0364	
0.78003	-0.0239615	-0.625283	-31.9356	-0.00856857	0.998764	-0.0489629	-4.37063	0.625683	0.0435504	0.778861	71.8124	
0.774369	-0.0257307	-0.632211	-32.5578	-0.00818392	0.998682	-0.05067	-4.42832	0.632682	0.0444112	0.773137	72.5931	
0.76898	-0.0278762	-0.638664	-33.2122	-0.00782212	0.998564	-0.0530032	-4.47215	0.639225	0.0457541	0.767658	73.348	
0.763991	-0.0285591	-0.644595	-33.8916	-0.00805217	0.99852	-0.0537836	-4.54948	0.645177	0.0462805	0.76263	74.0776	
0.758521	-0.0290111	-0.651002	-34.5569	-0.00834754	0.998494	-0.0542228	-4.63371	0.651595	0.0465634	0.757137	74.8195	
0.752132	-0.0318151	-0.658244	-35.2173	-0.00635451	0.998437	-0.0555187	-4.70009	0.658982	0.0459402	0.750754	75.5675	
0.745649	-0.0335609	-0.665494	-35.8785	-0.00445405	0.998457	-0.0553428	-4.76296	0.666325	0.0442304	0.744349	76.3151	
0.740477	-0.0342333	-0.671209	-36.5653	-0.00359525	0.998486	-0.0548914	-4.83737	0.672072	0.043059	0.739233	77.0381	
0.733996	-0.0369033	-0.678151	-37.2462	-0.00242213	0.998374	-0.0569507	-4.90705	0.67915	0.0434442	0.732713	77.7671	
0.728019	-0.0384298	-0.684478	-37.9591	-0.00226882	0.998287	-0.0584617	-4.98478	0.685553	0.0441142	0.726685	78.4641	
0.72192	-0.0384462	-0.690907	-38.6629	-0.00216588	0.998325	-0.0578159	-5.06082	0.691973	0.0432349	0.720628	79.1703	
0.716644	-0.0388307	-0.696357	-39.3677	-0.000735794	0.998406	-0.056431	-5.14827	0.697438	0.0409534	0.715474	79.8743	
0.711744	-0.0378111	-0.701421	-40.0518	-0.00116414	0.998485	-0.055006	-5.23162	0.702438	0.0399667	0.710622	80.599	
0.707179	-0.0397941	-0.705914	-40.777	-0.002169	0.998288	-0.0584488	-5.2661	0.707032	0.0428649	0.705882	81.2867	
0.702029	-0.0398405	-0.711033	-41.5002	-0.00475952	0.998149	-0.0606274	-5.33003	0.712132	0.0459464	0.70054	81.9743	
0.696817	-0.0408254	-0.716086	-42.2117	-0.00672	0.997963	-0.063435	-5.39378	0.717217	0.0490147	0.695124	82.6741	
0.691271	-0.0409297	-0.721436	-42.93	-0.00758205	0.997929	-0.0638812	-5.46019	0.722556	0.0496291	0.689528	83.3667	
0.685689	-0.0442146	-0.726551	-43.6553	-0.00540835	0.997816	-0.0658268	-5.50762	0.727875	0.0490661	0.683952	84.0535	
0.678442	-0.0460787	-0.733207	-44.3466	-0.00395672	0.997787	-0.0663675	-5.5775	0.734643	0.0479276	0.676759	84.7727	
0.673568	-0.0478384	-0.737575	-45.097	-0.00342967	0.99769	-0.0678413	-5.64917	0.739117	0.0482254	0.671849	85.4297	
0.668783	-0.0496203	-0.7418	-45.8385	-0.00273084	0.9976	-0.0691932	-5.72741	0.743452	0.048301	0.667042	86.0961	
0.664234	-0.0509393	-0.745787	-46.5727	-0.00170659	0.99757	-0.0696567	-5.80868	0.747523	0.0475411	0.662532	86.7702	
0.659906	-0.052876	-0.749485	-47.3148	-0.00027959	0.997503	-0.0706198	-5.89492	0.751348	0.046812	0.658244	87.4349	
0.656798	-0.0564279	-0.751953	-48.091	0.000473423	0.997227	-0.0744202	-5.96095	0.754067	0.048523	0.655003	88.0619	
0.654615	-0.0603419	-0.75355	-48.8719	0.000534639	0.996846	-0.0793598	-6.04558	0.755962	0.0515472	0.652583	88.6807	
0.651074	-0.0650417	-0.756222	-49.6437	0.00260263	0.996507	-0.0834675	-6.14063	0.759009	0.0523754	0.64897	89.3096	
0.642953	-0.0705832	-0.762646	-50.363	0.00526888	0.996129	-0.0877501	-6.22152	0.765887	0.0524009	0.640836	89.9995	
0.634871	-0.0770816	-0.768764	-51.1332	0.00880673	0.995668	-0.0925598	-6.31753	0.772568	0.0519932	0.632799	90.63	
0.626007	-0.0812632	-0.775571	-51.9075	0.0122595	0.995458	-0.0944072	-6.41763	0.779721	0.0495915	0.62416	91.2549	
0.618876	-0.083334	-0.781056	-52.7474	0.0155888	0.995464	-0.0938581	-6.51915	0.785334	0.0459108	0.617368	91.7881	
0.610373	-0.0848265	-0.787559	-53.5593	0.0166221	0.995402	-0.0943305	-6.6221	0.79194	0.0444859	0.608976	92.3627	
0.600714	-0.0846931	-0.794966	-54.3456	0.0146337	0.995371	-0.0949857	-6.7257	0.79933	0.0454259	0.599172	92.9718	
0.59083	-0.086761	-0.802117	-55.1544	0.0141355	0.995162	-0.0972296	-6.82867	0.806672	0.0461079	0.589198	93.5507	
0.582149	-0.0883061	-0.808273	-55.9785	0.014131	0.995033	-0.0985326	-6.94436	0.812959	0.045939	0.580506	94.1053	
0.573125	-0.0931938	-0.814151	-56.8206	0.0181852	0.994714	-0.101061	-7.05054	0.819266	0.043115	0.57179	94.6341	
0.561371	-0.096316	-0.82194	-56.0187	0.0197537	0.994481	-0.103043	-6.95643	0.827328	0.041609	0.560175	94.0441	
0.551342	-0.0980543	-0.828497	-56.8532	0.0203177	0.994353	-0.104163	-7.07306	0.834032	0.0405962	0.55022	94.5826	
0.540777	-0.0999781	-0.835204	-57.6968	0.0198551	0.994152	-0.106149	-7.18161	0.840932	0.04082	0.539599	95.1085	
0.530251	-0.0987463	-0.842071	-58.5291	0.0187264	0.994316	-0.104807	-7.31151	0.847634	0.0398052	0.529086	95.6474	
0.520815	-0.0984563	-0.847973	-59.3805	0.0173319	0.994342	-0.104806	-7.43468	0.853494	0.0398874	0.519574	96.1571	
0.512067	-0.0990222	-0.853219	-60.2563	0.017522	0.99433	-0.104883	-7.55018	0.858767	0.038757	0.510898	96.6259	
0.503953	-0.0986072	-0.858084	-61.1224	0.0197428	0.994517	-0.102691	-7.67783	0.863506	0.0348102	0.503136	97.1093	
0.496561	-0.0996668	-0.862261	-61.9843	0.0224793	0.994529	-0.10201	-7.79286	0.867711	0.0312711	0.496085	97.603	
0.488347	-0.0999054	-0.866912	-62.8513	0.021948	0.994517	-0.102247	-7.90344	0.872373	0.0309052	0.487862	98.089	
0.481035	-0.101898	-0.87076	-63.7236	0.0208432	0.994271	-0.104837	-8.01911	0.876454	0.0322806	0.480403	98.5639	
0.474315	-0.106173	-0.873929	-64.604	0.0205859	0.993767	-0.10956	-8.12876	0.880115	0.0339752	0.473544	99.0254	
0.468453	-0.10763	-0.876908	-65.4832	0.0192627	0.99356	-0.111657	-8.25162	0.883278	0.0354147	0.46751	99.4856	
0.462323	-0.11136	-0.879691	-66.3569	0.0191554	0.993105	-0.11565	-8.3831	0.886505	0.0366168	0.461269	99.9541	
0.459532	-0.112626	-0.880992	-67.253	0.019833	0.992981	-0.116597	-8.523	0.88794	0.0361074	0.45854	100.375	
0.454473	-0.112645	-0.883609	-68.1091	0.0236127	0.993147	-0.114464	-8.66892	0.890448	0.0311565	0.454018	100.871	
0.450682	-0.116187	-0.885091	-68.9922	0.028593	0.992864	-0.115775	-8.79799	0.892226	0.0268705	0.450788	101.322	
0.447649	-0.117744	-0.886423	-69.8832	0.0304643	0.992726	-0.11648	-8.92706	0.89369	0.0251379	0.44798	101.757	
0.444478	-0.118201	-0.887957	-70.752	0.0323516	0.992728	-0.115954	-9.0748	0.895205	0.0228123	0.44507	102.23	
0.442991	-0.11939	-0.888541	-71.6456	0.0343826	0.992627	-0.116234	-9.20607	0.895867	0.0209401	0.44383	102.659	
0.440422	-0.122044	-0.889457	-72.5355	0.036858	0.99234	-0.11791	-9.32863	0.897034	0.0191465	0.441546	103.099	
0.439443	-0.121951	-0.889954	-73.4229	0.0382445	0.992383	-0.117102	-9.5038	0.897456	0.017424	0.44076	103.525	
0.435858	-0.127181	-0.890984	-74.3154	0.039967	0.991724	-0.122009	-9.60797	0.899128	0.0175687	0.437334	103.964	
0.434269	-0.12786	-0.891663	-75.1929	0.0441715	0.991707	-0.120692	-9.78331	0.8997	0.0130269	0.436315	104.41	
0.43254	-0.129082	-0.892327	-76.0839	0.0466894	0.991577	-0.120807	-9.93307	0.900405	0.0105916	0.434924	104.839	
0.430321	-0.132007	-0.892971	-76.9712	0.0476941	0.991192	-0.123543	-10.0725	0.901415	0.0105737	0.432827	105.278	
0.427371	-0.135292	-0.893896	-77.8588	0.0469534	0.990727	-0.127499	-10.179	0.902856	0.0125179	0.42976	105.727	
0.425746	-0.134926	-0.894727	-78.7376	0.0449615	0.990753	-0.128013	-10.3111	0.903725	0.0142725	0.427875	106.185	
0.426939	-0.130383	-0.894831	-79.6155	0.0449828	0.991388	-0.12299	-10.5178	0.903161	0.0122573	0.429127	106.617	
0.4296	-0.128122	-0.893884	-80.5121	0.0440617	0.991679	-0.120963	-10.6721	0.901944	0.0125798	0.43167	107.032	
0.432344	-0.126278	-0.892823	-81.3957	0.0409939	0.991874	-0.120436	-10.7822	0.900777	0.0154696	0.434007	107.487	
0.438599	-0.124919	-0.889958	-82.2998	0.0383446	0.991992	-0.120343	-10.9042	0.897864	0.0186572	0.439877	107.897	
0.441193	-0.123444	-0.888882	-83.1498	0.0360884	0.992133	-0.11987	-11.0074	0.896686	0.0208076	0.442177	108.413	
0.446947	-0.120871	-0.886357	-84.0197	0.0350101	0.992434	-0.117682	-11.1247	0.893875	0.0215662	0.447797	108.893	
0.45314	-0.118645	-0.883509	-84.882	0.034154	0.992687	-0.115789	-11.2437	0.890785	0.022293	0.453878	109.385	
0.461239	-0.117665	-0.879439	-85.7558	0.032856	0.992753	-0.115594	-11.3538	0.886667	0.0244215	0.461762	109.858	
0.470522	-0.115409	-0.874808	-86.628	0.0322774	0.992998	-0.11364	-11.4922	0.881798	0.0252337	0.470953	110.328	
0.47905	-0.113609	-0.870405	-87.4777	0.0294867	0.993112	-0.113396	-11.6082	0.877292	0.028657	0.4791	110.842	
0.489392	-0.110742	-0.865004	-88.342	0.0262706	0.993326	-0.112308	-11.7482	0.871668	0.0322382	0.489035	111.325	
0.500602	-0.106789	-0.859066	-89.1878	0.0228792	0.993648	-0.110186	-11.8837	0.865375	0.0355048	0.499865	111.841	
0.51279	-0.103631	-0.852236	-90.0424	0.0227283	0.993979	-0.107191	-12.0241	0.858213	0.0355968	0.512058	112.341	
0.527733	-0.101102	-0.843372	-90.913	0.0228697	0.994222	-0.104876	-12.1432	0.849102	0.0360587	0.526996	112.818	
0.539764	-0.0990721	-0.835967	-91.7537	0.0230195	0.994416	-0.102987	-12.2506	0.841502	0.0363452	0.53903	113.349	
0.552701	-0.0974619	-0.827661	-92.5939	0.0227241	0.994531	-0.101937	-12.3688	0.83307	0.0375329	0.551894	113.878	
0.567579	-0.0966866	-0.817622	-93.4506	0.0226986	0.994541	-0.101851	-12.5007	0.823006	0.0392496	0.566675	114.377	
0.578532	-0.0956093	-0.810037	-94.2524	0.0210873	0.994528	-0.102324	-12.6223	0.815387	0.0421163	0.577382	114.962	
0.589684	-0.0963223	-0.80187	-95.0592	0.0211757	0.994365	-0.103873	-12.7432	0.807357	0.0442721	0.588401	115.54	
0.600614	-0.0954258	-0.793824	-95.8569	0.0211209	0.994399	-0.103557	-12.8665	0.79926	0.0454313	0.599266	116.131	
0.610479	-0.0937349	-0.786467	-96.6479	0.0215344	0.99457	-0.101822	-12.9792	0.79174	0.0452241	0.609182	116.732	
0.620915	-0.0932035	-0.778318	-97.4405	0.0240139	0.994702	-0.0999581	-13.0957	0.78351	0.043375	0.619863	117.331	
0.632614	-0.090818	-0.769124	-98.2458	0.0230593	0.994869	-0.0985074	-13.1997	0.774124	0.0445817	0.631462	117.914	
0.644099	-0.0876146	-0.759908	-99.0156	0.021027	0.995071	-0.0969055	-13.3238	0.764653	0.0464382	0.642767	118.54	
0.654309	-0.0848921	-0.751447	-99.7769	0.0185085	0.995179	-0.0963109	-13.4299	0.756	0.049109	0.652726	119.18	
0.663763	-0.0836564	-0.743249	-100.538	0.0178066	0.995211	-0.0961136	-13.5353	0.747731	0.0505619	0.662074	119.82	
0.672515	-0.0813397	-0.7356	-101.281	0.0180443	0.995449	-0.0935759	-13.6559	0.739864	0.0496577	0.670921	120.479	
0.681228	-0.0802513	-0.727659	-102.016	0.0192964	0.995596	-0.0917361	-13.7703	0.731817	0.0484519	0.679777	121.147	
0.689319	-0.0796226	-0.720069	-102.733	0.0196559	0.995632	-0.0912768	-13.8815	0.724192	0.0487652	0.687872	121.835	
0.697534	-0.0780055	-0.712293	-103.458	0.0184887	0.995685	-0.0909352	-13.986	0.716313	0.050261	0.695967	122.515	
0.704502	-0.076069	-0.705613	-104.171	0.017877	0.995826	-0.0895066	-14.1031	0.709477	0.0504433	0.702921	123.207	
0.71218	-0.0741525	-0.698069	-104.876	0.0188661	0.996068	-0.08656	-14.2127	0.701743	0.0484765	0.710779	123.907	
0.719924	-0.0720494	-0.690304	-105.575	0.0195891	0.99631	-0.0835588	-14.3225	0.693777	0.0466336	0.718679	124.614	
0.727008	-0.0701619	-0.683035	-106.259	0.0192163	0.996455	-0.0819033	-14.4324	0.68636	0.046419	0.725779	125.336	
0.733991	-0.0680522	-0.675741	-106.936	0.017802	0.996553	-0.0810239	-14.5307	0.678925	0.0474413	0.732673	126.065	
0.742307	-0.0642676	-0.666971	-107.623	0.0160504	0.99681	-0.0781867	-14.6258	0.669868	0.0473334	0.74097	126.785	
0.750596	-0.0624903	-0.6578	-108.274	0.0170531	0.997018	-0.0752569	-14.722	0.660542	0.04527	0.749423	127.538	
0.759568	-0.059722	-0.64768	-108.925	0.0174815	0.99729	-0.0714578	-14.8157	0.650193	0.0429546	0.758554	128.292	
0.768689	-0.0577845	-0.637007	-109.519	0.0166826	0.997383	-0.0703439	-14.8877	0.639405	0.0434456	0.767641	129.093	
0.777879	-0.0551479	-0.625989	-110.143	0.0146103	0.99746	-0.0697181	-14.9758	0.628244	0.0450864	0.776709	129.869	
0.787266	-0.0540359	-0.614241	-110.745	0.0129339	0.997381	-0.0711642	-15.0566	0.616478	0.0480806	0.785903	130.664	
0.797538	-0.0520801	-0.601017	-111.36	0.0122318	0.997458	-0.0702016	-15.1453	0.603145	0.0486369	0.796147	131.447	
0.807704	-0.0510765	-0.587371	-111.958	0.0129272	0.997535	-0.0689669	-15.2252	0.589446	0.0481118	0.806374	132.244	
0.817448	-0.0496002	-0.573863	-112.524	0.0140847	0.997709	-0.0661709	-15.3106	0.57583	0.0460086	0.816274	133.064	
0.826873	-0.048684	-0.560278	-113.091	0.0153029	0.997825	-0.0641192	-15.3967	0.562181	0.0444446	0.825819	133.884	
0.835503	-0.048832	-0.547311	-113.626	0.0171771	0.997878	-0.0628103	-15.4502	0.549217	0.043077	0.834569	134.727	
0.843456	-0.0485424	-0.535001	-114.168	0.0185311	0.997945	-0.0613316	-15.5275	0.536879	0.0418163	0.842622	135.564	
0.850067	-0.0487312	-0.524416	-114.686	0.0201393	0.99799	-0.0600924	-15.6093	0.52629	0.0405212	0.849339	136.415	
0.856495	-0.0483368	-0.513887	-115.2	0.0202588	0.997986	-0.0601064	-15.6774	0.515758	0.04107	0.855749	137.27	
0.863679	-0.0462875	-0.501912	-115.732	0.0190018	0.998057	-0.0593451	-15.7604	0.503684	0.0417179	0.86288	138.113	
0.870152	-0.0435482	-0.490855	-116.218	0.0176381	0.998202	-0.0572919	-15.8425	0.492468	0.0411949	0.869355	138.983	
0.876547	-0.0426066	-0.479426	-116.714	0.0174067	0.998229	-0.0568875	-15.9252	0.481001	0.0415194	0.875737	139.847	
0.882187	-0.0426135	-0.468967	-117.176	0.0177228	0.998196	-0.0573639	-15.9908	0.470566	0.0422943	0.881351	140.732	
0.886694	-0.0439248	-0.460265	-117.625	0.0187686	0.998076	-0.0590926	-16.0571	0.461975	0.0437585	0.885813	141.623	
0.891775	-0.0428708	-0.450444	-118.125	0.0181499	0.998089	-0.0590599	-16.1455	0.452116	0.0444926	0.890849	142.484	
0.895205	-0.0420724	-0.443664	-118.573	0.0179737	0.998132	-0.0583857	-16.2074	0.445292	0.0442929	0.894289	143.376	
0.898785	-0.0410777	-0.436461	-119.037	0.0188955	0.998305	-0.0550453	-16.2783	0.437982	0.0412268	0.898038	144.259	
0.901821	-0.0383135	-0.430408	-119.464	0.018482	0.99857	-0.0501646	-16.341	0.431714	0.0372848	0.90124	145.162	
0.905525	-0.036121	-0.422752	-119.926	0.0180352	0.998746	-0.0467045	-16.4203	0.423909	0.0346677	0.905041	146.045	
0.908536	-0.0342349	-0.416401	-120.303	0.0173675	0.99887	-0.0442296	-16.4562	0.417444	0.0329524	0.908105	146.97	
0.911033	-0.0339797	-0.41093	-120.666	0.0180391	0.998929	-0.0426084	-16.4906	0.411938	0.0314049	0.910671	147.901	
0.91455	-0.0330946	-0.403116	-121.114	0.0187708	0.999046	-0.0394333	-16.5646	0.404037	0.0284969	0.914299	148.792	
0.918116	-0.0347877	-0.394781	-121.517	0.0211123	0.999019	-0.0389329	-16.5954	0.395748	0.0274102	0.91795	149.707	
0.921166	-0.0353787	-0.387558	-121.886	0.0223624	0.999026	-0.0380452	-16.6496	0.388527	0.0263792	0.92106	150.635	
0.924866	-0.0358705	-0.378597	-122.277	0.0230247	0.998997	-0.0384043	-16.6965	0.379595	0.0268017	0.924765	151.554	
0.928486	-0.0378882	-0.369431	-122.664	0.0249547	0.998899	-0.0397271	-16.7504	0.370529	0.027667	0.928409	152.475	
0.9323	-0.0379091	-0.359693	-123.033	0.0249602	0.998865	-0.0405779	-16.8109	0.360823	0.0288528	0.932188	153.402	
0.936555	-0.0378478	-0.348471	-123.354	0.0244082	0.998782	-0.042879	-16.8457	0.34967	0.031653	0.936338	154.348	
0.941543	-0.0349044	-0.335079	-123.682	0.0218217	0.998848	-0.0427304	-16.8951	0.336184	0.0329205	0.941221	155.292	
0.947248	-0.0312956	-0.31897	-124.004	0.019323	0.998987	-0.0406315	-16.9437	0.319918	0.0323247	0.946894	156.237	
0.953384	-0.0276323	-0.300493	-124.315	0.0173433	0.99917	-0.0368548	-16.994	0.301262	0.0299252	0.953072	157.186	
0.959908	-0.0231777	-0.279357	-124.623	0.0143579	0.999333	-0.0335772	-17.0512	0.279949	0.02822	0.9596	158.136	
0.965749	-0.0212363	-0.258607	-124.859	0.0133087	0.999387	-0.0323671	-17.0931	0.259136	0.0278168	0.96544	159.107	
0.970997	-0.0199837	-0.238257	-125.074	0.0130314	0.999443	-0.0307193	-17.1272	0.238738	0.0267236	0.970716	160.083	
0.976145	-0.0192714	-0.216265	-125.317	0.0136546	0.99953	-0.0274363	-17.172	0.216692	0.0238288	0.975949	161.052	
0.980929	-0.0160852	-0.193698	-125.527	0.0117943	0.999659	-0.0232858	-17.2087	0.194007	0.0205572	0.980785	162.029	
0.985114	-0.0148627	-0.171259	-125.701	0.0118131	0.999753	-0.0188123	-17.2449	0.171497	0.0165092	0.985046	163.013	
0.988698	-0.0135742	-0.149306	-125.84	0.0114594	0.999822	-0.0150156	-17.2834	0.149483	0.0131349	0.988677	164.003	
0.991839	-0.0115089	-0.126973	-125.98	0.00975636	0.999848	-0.0144158	-17.3141	0.12712	0.0130593	0.991801	164.992	
0.994362	-0.0121213	-0.105344	-126.088	0.010457	0.999812	-0.0163372	-17.3361	0.105522	0.0151435	0.994302	165.986	
0.996364	-0.0115184	-0.084422	-126.183	0.0101176	0.999804	-0.0170015	-17.3681	0.0846013	0.0160855	0.996285	166.981	
0.997944	-0.0113307	-0.063088	-126.273	0.0104298	0.999839	-0.0145918	-17.3986	0.0632432	0.0139038	0.997901	167.977	
0.999035	-0.0106822	-0.0425989	-126.331	0.0101605	0.999871	-0.0124446	-17.4255	0.0427264	0.0119998	0.999015	168.975	
0.999704	-0.00990431	-0.0222271	-126.364	0.00965737	0.999891	-0.0111896	-17.4517	0.0223355	0.0109717	0.99969	169.974	
0.999956	-0.0089344	-0.002764	-126.357	0.00890477	0.999905	-0.0105538	-17.4749	0.00285803	0.0105287	0.99994	170.973	
0.999809	-0.00849501	0.0175968	-126.343	0.00866568	0.999916	-0.00964546	-17.4987	-0.0175134	0.00979611	0.999799	171.973	
0.999267	-0.00643765	0.0377292	-126.31	0.00681011	0.999929	-0.00975166	-17.5235	-0.0376638	0.0100015	0.99924	172.972	
0.998315	-0.00516667	0.057799	-126.26	0.00577505	0.99993	-0.0103638	-17.5506	-0.0577414	0.0106801	0.998274	173.971	
0.997002	-0.00504587	0.0772123	-126.183	0.00599966	0.999908	-0.0121259	-17.5808	-0.0771441	0.0125528	0.996941	174.967	
0.995379	-0.00264732	0.0959862	-126.094	0.00403775	0.99989	-0.0142944	-17.5996	-0.0959378	0.0146159	0.99528	175.963	
0.993313	-0.00197944	0.115432	-125.99	0.00381147	0.99987	-0.0156524	-17.6266	-0.115386	0.0159877	0.993192	176.957	
0.990985	-0.00168542	0.133962	-125.864	0.00413853	0.999829	-0.0180356	-17.6571	-0.133909	0.0184274	0.990822	177.949	
0.988332	-0.000639035	0.152316	-125.684	0.00420394	0.999725	-0.0230837	-17.6825	-0.15226	0.0234547	0.988062	178.932	
0.98542	0.000510072	0.17014	-125.526	0.00449616	0.999568	-0.0290375	-17.7208	-0.170082	0.0293791	0.984992	179.919	
0.982224	0.00255076	0.187698	-125.349	0.00387819	0.999419	-0.0338764	-17.7521	-0.187675	0.0340022	0.981642	180.903	
0.978712	0.00490399	0.205181	-125.156	0.00286573	0.999291	-0.0375532	-17.8072	-0.20522	0.0373418	0.978003	181.882	
0.974863	0.00665628	0.222706	-124.944	0.00226899	0.999205	-0.0397966	-17.8601	-0.222794	0.0393015	0.974073	182.858	
0.970888	0.00663598	0.239443	-124.709	0.00275855	0.99924	-0.0388784	-17.9118	-0.239519	0.0384071	0.970132	183.829	
0.966346	0.00725507	0.257144	-124.476	0.00286059	0.999237	-0.0389427	-17.9655	-0.25723	0.0383677	0.965588	184.8	
0.961733	0.00680286	0.273903	-124.2	0.00513835	0.999068	-0.0428555	-18.0206	-0.273939	0.042623	0.960802	185.759	
0.957153	0.00729351	0.28949	-123.906	0.00647102	0.998894	-0.046562	-18.0682	-0.289509	0.0464402	0.956048	186.714	
0.952169	0.0101452	0.305402	-123.617	0.00438038	0.998893	-0.0468394	-18.122	-0.305539	0.0459368	0.951071	187.67	
0.946309	0.0137993	0.32297	-123.297	0.00189972	0.998834	-0.0482428	-18.1673	-0.323259	0.0462661	0.945179	188.616	
0.940554	0.0173441	0.339201	-122.937	0.000258618	0.998658	-0.0517808	-18.2169	-0.339644	0.0487903	0.939288	189.548	
0.933939	0.0180774	0.356974	-122.609	0.00159323	0.9985	-0.0547329	-18.2875	-0.357428	0.0516859	0.932509	190.49	
0.927326	0.0197908	0.373732	-122.232	0.00159236	0.998383	-0.05682	-18.3433	-0.374252	0.0532858	0.925795	191.414	
0.920458	0.0192358	0.390368	-121.817	0.00477423	0.99816	-0.0604426	-18.4095	-0.390813	0.0574985	0.918673	192.321	
0.912473	0.0223341	0.408528	-121.397	0.00526359	0.997786	-0.0663052	-18.4736	-0.409104	0.062652	0.910334	193.227	
0.90324	0.0257988	0.42836	-120.974	0.0046184	0.997549	-0.0698177	-18.5539	-0.429111	0.0650405	0.900907	194.13	
0.891807	0.0308311	0.451365	-121.425	0.00187557	0.997415	-0.0718355	-18.4783	-0.452413	0.0649099	0.889443	193.24	
0.878498	0.036733	0.476332	-121.87	-0.000865378	0.99716	-0.0753013	-18.3904	-0.477745	0.0657399	0.876035	192.349	
0.864298	0.0420705	0.501218	-122.336	-0.00260438	0.996857	-0.0791817	-18.3013	-0.502974	0.0671312	0.861691	191.469	
0.849658	0.0469193	0.525243	-122.823	-0.00403871	0.996584	-0.0824904	-18.2069	-0.527319	0.0679673	0.846945	190.6	
0.8346	0.049874	0.548594	-123.35	-0.00442459	0.996468	-0.0838599	-18.109	-0.550839	0.0675622	0.831872	189.756	
0.818816	0.0531098	0.571595	-123.923	-0.00488912	0.99632	-0.0855695	-18.0135	-0.574036	0.0672711	0.816062	188.942	
0.80236	0.0551476	0.594287	-124.512	-0.00264132	0.99604	-0.0888627	-17.9177	-0.596835	0.0697302	0.799329	188.14	
0.7862	0.0567	0.615366	-125.119	0.000172925	0.995762	-0.0919708	-17.809	-0.617972	0.0724138	0.782858	187.352	
0.77038	0.0584223	0.634903	-125.743	0.00171015	0.9956	-0.0936878	-17.7034	-0.637583	0.073261	0.76689	186.578	
0.755956	0.0592	0.651941	-125.071	0.00387616	0.99548	-0.0948899	-17.8063	-0.654611	0.0742596	0.752309	187.311	
0.740554	0.0602315	0.669292	-125.738	0.00500788	0.995453	-0.0951248	-17.7015	-0.671978	0.0737968	0.736885	186.574	
0.725523	0.061481	0.685446	-126.407	0.00614231	0.995383	-0.0957822	-17.6005	-0.68817	0.0737025	0.721796	185.837	
0.710225	0.0621117	0.70123	-125.721	0.00831841	0.99529	-0.0965834	-17.7055	-0.703926	0.074429	0.706363	186.558	
0.695096	0.062871	0.716162	-125.014	0.0111465	0.995106	-0.0981778	-17.8125	-0.71883	0.0762257	0.690994	187.257	
0.679319	0.0646009	0.730994	-124.302	0.0138204	0.994815	-0.100759	-17.9293	-0.733713	0.0785502	0.674904	187.949	
0.664364	0.0667304	0.744424	-123.567	0.015217	0.994592	-0.102736	-18.0379	-0.747254	0.079582	0.659756	188.618	
0.648679	0.0698736	0.757848	-122.823	0.0144926	0.994462	-0.104094	-18.1547	-0.760925	0.0785069	0.644073	189.277	
0.633033	0.0736464	0.770614	-122.049	0.0126713	0.994345	-0.105437	-18.2733	-0.774021	0.0765099	0.62852	189.897	
0.616153	0.0797683	0.783577	-121.274	0.00826136	0.994149	-0.107701	-18.39	-0.787583	0.0728335	0.611889	190.519	
0.599042	0.0853052	0.79616	-120.49	0.00406121	0.993972	-0.109556	-18.5101	-0.800707	0.0688618	0.595085	191.128	
0.581125	0.0915672	0.808646	-119.694	0.000505326	0.993609	-0.112875	-18.6342	-0.813814	0.0660029	0.577365	191.721	
0.562479	0.0953584	0.821294	-120.49	0.00120932	0.993231	-0.11615	-18.5091	-0.826811	0.066325	0.558556	191.129	
0.544537	0.100252	0.832724	-119.678	2.67599e-05	0.992829	-0.119544	-18.6547	-0.838737	0.0651185	0.540629	191.694	
0.525057	0.10382	0.844711	-118.856	-0.00197413	0.992677	-0.120779	-18.7892	-0.851065	0.0617481	0.521417	192.247	
0.504323	0.108105	0.856722	-118.013	-0.00588513	0.99254	-0.121779	-18.9241	-0.863495	0.0563741	0.501197	192.768	
0.483308	0.111657	0.868301	-117.152	-0.00993305	0.992469	-0.122095	-19.0648	-0.875394	0.0503848	0.480777	193.256	
0.461366	0.115332	0.879682	-116.292	-0.0136654	0.992321	-0.122932	-19.2078	-0.887104	0.0446955	0.4594	193.746	
0.439954	0.117308	0.890325	-115.416	-0.0155783	0.992279	-0.123043	-19.3471	-0.897885	0.0402634	0.438385	194.208	
0.417929	0.119876	0.900536	-114.527	-0.0171406	0.99212	-0.124112	-19.4939	-0.908318	0.0364344	0.416691	194.643	
0.396832	0.120567	0.909938	-113.627	-0.0179294	0.992165	-0.123643	-19.6394	-0.917716	0.0327511	0.395885	195.053	
0.375735	0.120977	0.918797	-112.718	-0.0171179	0.99218	-0.123639	-19.7811	-0.926569	0.0307275	0.374867	195.444	
0.355801	0.119216	0.926927	-111.794	-0.0163202	0.992472	-0.121382	-19.9283	-0.934419	0.0280601	0.355068	195.797	
0.333928	0.120024	0.934926	-110.877	-0.0182697	0.992498	-0.12089	-20.0678	-0.942421	0.0232876	0.333616	196.171	
0.312786	0.122306	0.941916	-109.945	-0.0193238	0.992289	-0.12243	-20.2129	-0.949627	0.0200931	0.312738	196.502	
0.29323	0.12435	0.94792	-109.002	-0.0154213	0.991991	-0.125361	-20.356	-0.955918	0.0221415	0.292799	196.805	
0.273985	0.125921	0.953455	-108.056	-0.00706614	0.991628	-0.128932	-20.5051	-0.961708	0.0285881	0.272581	197.092	
0.255012	0.129946	0.958166	-107.105	-0.00156231	0.990983	-0.13398	-20.6608	-0.966937	0.0326696	0.252916	197.358	
0.236683	0.135137	0.962143	-106.144	-0.000260245	0.990289	-0.139026	-20.8153	-0.971587	0.0326548	0.23442	197.589	
0.217409	0.14042	0.965927	-105.186	-0.00186767	0.989656	-0.143449	-20.9826	-0.976079	0.029383	0.215422	197.82	
0.198281	0.147017	0.969057	-104.222	-0.00434655	0.988809	-0.149124	-21.1483	-0.980136	0.0253565	0.196701	198.027	
0.179459	0.150701	0.972154	-103.258	-0.00570399	0.98834	-0.152157	-21.3173	-0.983749	0.0217609	0.178226	198.234	
0.160373	0.153136	0.975105	-102.29	-0.00773992	0.988057	-0.153897	-21.4783	-0.987026	0.0171337	0.159643	198.425	
0.141317	0.156622	0.977496	-101.319	-0.00841591	0.98756	-0.157017	-21.6535	-0.989929	0.0139627	0.140877	198.589	
0.123163	0.157876	0.979748	-100.343	-0.00795015	0.98739	-0.158108	-21.8219	-0.992355	0.0116839	0.122865	198.725	
0.104513	0.163617	0.980972	-99.3669	-0.00608295	0.986461	-0.163885	-22.0019	-0.994505	0.0111608	0.104093	198.85	
0.0871457	0.165444	0.982361	-98.3878	-0.00537246	0.986177	-0.16561	-22.1855	-0.996181	0.00915449	0.0868299	198.938	
0.070351	0.168015	0.983271	-97.407	-0.00844967	0.985778	-0.167839	-22.3668	-0.997487	0.00349934	0.0707702	199.01	
0.0553149	0.166949	0.984413	-96.4253	-0.0127123	0.98596	-0.166497	-22.5491	-0.998388	-0.00330437	0.0566606	199.064	
0.0410143	0.168793	0.984798	-95.4447	-0.0175398	0.985597	-0.168199	-22.7363	-0.999005	-0.0103746	0.0433842	199.122	
0.0282391	0.16845	0.985306	-94.4628	-0.0209017	0.985583	-0.167899	-22.9224	-0.999383	-0.0158533	0.0313529	199.159	
0.0180329	0.168368	0.985559	-93.4806	-0.0208163	0.985569	-0.167989	-23.1093	-0.999621	-0.0174864	0.0212774	199.178	
0.00987951	0.168873	0.985588	-92.4998	-0.0185427	0.985498	-0.168671	-23.3035	-0.999779	-0.0166091	0.0128676	199.191	
0.00334291	0.171306	0.985212	-91.5146	-0.0160458	0.9851	-0.171232	-23.475	-0.999866	-0.0152361	0.00604185	199.194	
-0.00194991	0.171294	0.985218	-90.5381	-0.0129838	0.985133	-0.171304	-23.6889	-0.999914	-0.0131259	0.000303128	199.221	
-0.00713891	0.171254	0.985201	-89.5566	-0.00412538	0.985213	-0.171286	-23.8806	-0.999966	-0.00528713	-0.00632685	199.225	
-0.00928977	0.172654	0.984939	-88.5752	-0.00188176	0.984977	-0.172678	-24.0676	-0.999955	-0.00345756	-0.00882532	199.181	
-0.0122354	0.172033	0.985015	-87.5911	-0.0100596	0.985018	-0.172158	-24.2441	-0.999875	-0.0120153	-0.0103215	199.162	
-0.0150989	0.170922	0.985169	-86.6087	-0.0200903	0.98503	-0.171206	-24.4306	-0.999684	-0.0223774	-0.011439	199.167	
-0.0163437	0.170556	0.985212	-85.6259	-0.0235479	0.985005	-0.170911	-24.6155	-0.999589	-0.025993	-0.0120824	199.167	
-0.017234	0.17127	0.985073	-84.6468	-0.0226625	0.9849	-0.171636	-24.8186	-0.999595	-0.0252822	-0.0130924	199.171	
-0.0170839	0.170583	0.985195	-83.6646	-0.0192618	0.9851	-0.170901	-25.0066	-0.999669	-0.0218963	-0.0135436	199.173	
-0.0165797	0.172926	0.984795	-82.6798	-0.015688	0.984764	-0.173185	-25.179	-0.999739	-0.0183208	-0.0136143	199.193	
-0.0144385	0.175471	0.984379	-81.6961	-0.0142711	0.984345	-0.175674	-25.3587	-0.999794	-0.0165847	-0.0117083	199.192	
-0.0112402	0.177001	0.984147	-80.7144	-0.0125996	0.984106	-0.177137	-25.5491	-0.999857	-0.0143909	-0.00883144	199.191	
-0.0119415	0.17922	0.983736	-79.7362	-0.0131307	0.983694	-0.179372	-25.7525	-0.999842	-0.0150591	-0.0093935	199.233	
-0.00571912	0.180789	0.983505	-78.7538	-0.0112056	0.983448	-0.180844	-25.9391	-0.999921	-0.0120551	-0.0035986	199.22	
0.00105382	0.180977	0.983487	-77.7735	-0.0123573	0.983414	-0.180951	-26.1363	-0.999923	-0.0119625	0.00327273	199.224	
0.00892874	0.178224	0.983949	-76.7917	-0.0136768	0.983918	-0.178094	-26.3262	-0.999867	-0.0118671	0.0112227	199.227	
0.0166064	0.175639	0.984314	-75.8103	-0.0140844	0.984394	-0.175416	-26.5184	-0.999763	-0.0109505	0.018821	199.228	
0.02491	0.173056	0.984597	-74.8272	-0.0127915	0.984877	-0.172781	-26.7016	-0.999608	-0.0082905	0.0267469	199.23	
0.0321962	0.173462	0.984314	-73.8457	-0.0129353	0.984814	-0.173127	-26.8898	-0.999398	-0.00715835	0.0339511	199.264	
0.0390867	0.173535	0.984052	-72.8639	-0.0137699	0.984804	-0.173121	-27.0725	-0.999141	-0.00678353	0.0408824	199.315	
0.0459445	0.17287	0.983872	-71.882	-0.015708	0.984916	-0.17232	-27.2511	-0.99882	-0.00753753	0.047967	199.378	
0.0521283	0.172396	0.983647	-70.9009	-0.0166107	0.985	-0.171753	-27.4326	-0.998502	-0.00738587	0.05421	199.445	
0.0590093	0.172552	0.983231	-69.9239	-0.0165064	0.984982	-0.171869	-27.6345	-0.998121	-0.0060878	0.0609713	199.514	
0.065816	0.171585	0.982968	-68.9443	-0.0142964	0.985165	-0.171012	-27.8205	-0.997729	-0.00279759	0.0672927	199.591	
0.072282	0.171603	0.982511	-67.9631	-0.0112693	0.985165	-0.171238	-27.9927	-0.997321	0.00130514	0.0731436	199.677	
0.0797915	0.173073	0.981672	-66.9831	-0.00921196	0.984898	-0.172893	-28.1739	-0.996769	0.00475228	0.0801808	199.76	
0.0861198	0.174117	0.980952	-66.0055	-0.0086374	0.984703	-0.174024	-28.3548	-0.996247	0.00651406	0.0863063	199.868	
0.093297	0.174683	0.980195	-65.0281	-0.00916845	0.984598	-0.174595	-28.5445	-0.995596	0.00730231	0.0934616	199.961	
0.100327	0.175312	0.979388	-64.0521	-0.0121043	0.984496	-0.174987	-28.7364	-0.994881	0.00570104	0.100893	200.063	
0.106744	0.175008	0.978764	-63.078	-0.0138928	0.984554	-0.174528	-28.9297	-0.99419	0.00503196	0.107526	200.181	
0.113273	0.173632	0.978275	-62.104	-0.0144659	0.984795	-0.173115	-29.1205	-0.993459	0.00545749	0.114062	200.303	
0.119882	0.173747	0.977466	-61.1298	-0.0137337	0.984763	-0.17336	-29.3105	-0.992693	0.00735855	0.120442	200.425	
0.126451	0.17144	0.977046	-60.1563	-0.0124151	0.985148	-0.171255	-29.4869	-0.991895	0.00952527	0.126701	200.57	
0.134657	0.168797	0.976409	-59.1833	-0.00973495	0.985562	-0.169036	-29.6665	-0.990844	0.0132566	0.134356	200.715	
0.143858	0.167864	0.975257	-58.2115	-0.00733155	0.985662	-0.168573	-29.8529	-0.989571	0.0171005	0.143026	200.86	
0.153461	0.167187	0.973909	-57.2389	-0.00577305	0.985718	-0.168305	-30.029	-0.988138	0.0202058	0.152235	201.012	
0.161219	0.168423	0.972441	-56.269	-0.00672113	0.985495	-0.16957	-30.2056	-0.986896	0.020802	0.160013	201.179	
