0.999919	-0.00197135	0.0125784	0.00858506	0.00195026	0.999997	0.00168881	-0.0275539	-0.0125817	-0.00166414	0.999919	0.999583	
0.999819	-0.00387012	0.0186461	0.074854	0.00384002	0.999991	0.00164969	-0.0476396	-0.0186523	-0.00157779	0.999825	1.99718	
0.999817	-0.00705867	0.0177617	0.195502	0.00705417	0.999975	0.000315762	-0.0520248	-0.0177635	-0.00019041	0.999842	2.98987	
0.999844	-0.00880676	0.0153044	0.187786	0.00883586	0.999959	-0.00183487	-0.020864	-0.0152876	0.00196981	0.999881	3.98935	
0.999907	-0.0115059	0.00730367	0.248331	0.0115307	0.999928	-0.00335712	-0.0164862	-0.00726451	0.00344102	0.999968	4.98751	
0.999905	-0.0131427	-0.00409629	0.186336	0.0131221	0.999901	-0.00499793	-0.0355431	0.00416157	0.0049437	0.999979	5.9854	
0.999687	-0.0126869	-0.0215422	0.183015	0.0125723	0.999906	-0.00544831	-0.0266823	0.0216093	0.00517577	0.999753	6.98536	
0.999117	-0.00823743	-0.0411956	0.138325	0.00801759	0.999953	-0.00549897	-0.0246141	0.041239	0.00516382	0.999136	7.98436	
0.9982	-0.00556327	-0.0597138	0.0606648	0.00525797	0.999972	-0.00526869	-0.0920747	0.0597415	0.00494523	0.998202	8.97905	
0.997017	-0.00421272	-0.0770726	-0.0943948	0.00379681	0.999977	-0.00554199	-0.120906	0.0770943	0.00523283	0.99701	9.96654	
0.995251	-0.00481272	-0.0972223	-0.234161	0.00434514	0.999978	-0.00502048	-0.145836	0.0972444	0.00457419	0.99525	10.9564	
0.993273	-0.00619828	-0.115632	-0.437525	0.00576568	0.999975	-0.00407528	-0.167124	0.115654	0.00338116	0.993284	11.9353	
0.991181	-0.00470648	-0.132432	-0.620022	0.00428551	0.999985	-0.00346359	-0.165449	0.132447	0.00286551	0.991186	12.9185	
0.988875	-0.00391319	-0.1487	-0.798927	0.00364281	0.999991	-0.00209061	-0.199703	0.148706	0.00152566	0.98888	13.9018	
0.98686	-0.00337199	-0.16154	-0.969983	0.00314319	0.999994	-0.00167191	-0.219427	0.161544	0.00114219	0.986865	14.8868	
0.984907	-0.00455918	-0.173024	-1.17143	0.0041727	0.999988	-0.00259736	-0.23842	0.173034	0.00183618	0.984914	15.8661	
0.983564	-0.00787669	-0.180387	-1.43624	0.007275	0.999966	-0.00399691	-0.284471	0.180412	0.0026189	0.983588	16.8293	
0.982116	-0.00689042	-0.18815	-1.64504	0.00593147	0.999966	-0.00565927	-0.294534	0.188183	0.00444205	0.982124	17.8072	
0.980516	-0.00693894	-0.196319	-1.82737	0.00562129	0.999958	-0.00726819	-0.284222	0.196361	0.006023	0.980513	18.7904	
0.979001	-0.00679919	-0.203744	-2.06244	0.00510199	0.999948	-0.00885418	-0.332494	0.203794	0.00762875	0.978984	19.7612	
0.976924	-0.011461	-0.213279	-2.19987	0.00888966	0.999876	-0.0130115	-0.287229	0.213402	0.0108152	0.976905	20.7507	
0.975075	-0.0173903	-0.221191	-2.38303	0.0142811	0.999776	-0.0156483	-0.30599	0.221414	0.0120995	0.975105	21.7336	
0.973565	-0.0177191	-0.227722	-2.72311	0.014	0.999741	-0.0179368	-0.333849	0.227981	0.0142746	0.973561	22.6736	
0.971624	-0.0135931	-0.236141	-3.02203	0.00899004	0.999748	-0.0205586	-0.360981	0.236361	0.0178523	0.971501	23.6275	
0.968962	-0.00975719	-0.247019	-3.17728	0.00417642	0.999724	-0.0231064	-0.354991	0.247176	0.0213576	0.968735	24.6153	
0.966576	-0.0110487	-0.256143	-3.38393	0.0047021	0.999667	-0.0253768	-0.387625	0.256338	0.0233242	0.966306	25.5932	
0.96406	-0.0135557	-0.265339	-3.60722	0.00619632	0.999573	-0.0285532	-0.404121	0.265613	0.0258829	0.963732	26.5678	
0.961759	-0.0113089	-0.273665	-3.85548	0.00298612	0.999521	-0.0308097	-0.409596	0.273882	0.0288143	0.961332	27.5365	
0.95936	-0.00987459	-0.282014	-4.13579	0.000398564	0.999434	-0.0336389	-0.443051	0.282186	0.0321594	0.95882	28.4958	
0.957974	-0.00875932	-0.286722	-4.51555	-0.0019344	0.999314	-0.036992	-0.5055	0.286849	0.035992	0.957299	29.4188	
0.956274	-0.00802355	-0.292361	-4.8282	-0.00504362	0.999023	-0.0439141	-0.544136	0.292428	0.0434685	0.955299	30.3679	
0.955015	-0.00590223	-0.296499	-5.10414	-0.00945161	0.998688	-0.0503236	-0.621227	0.296408	0.0508622	0.953706	31.3259	
0.953843	-0.00272856	-0.300292	-5.43695	-0.0153207	0.998214	-0.0577344	-0.662054	0.299914	0.0596702	0.952098	32.268	
0.952719	0.00145102	-0.30385	-5.73876	-0.0223229	0.997621	-0.065229	-0.705029	0.303032	0.0689277	0.950484	33.2204	
0.951353	0.00190532	-0.308098	-6.14059	-0.0250709	0.997144	-0.0712479	-0.783981	0.307083	0.0755062	0.948683	34.1328	
0.949765	0.00534946	-0.31292	-6.50829	-0.0306969	0.996625	-0.0761328	-0.855183	0.311456	0.0819139	0.946723	35.06	
0.948348	0.00802171	-0.31713	-6.85051	-0.0353282	0.996132	-0.080449	-0.932657	0.315258	0.0874973	0.944964	35.9964	
0.946501	0.0125061	-0.322458	-7.16737	-0.0420899	0.995497	-0.0849364	-0.987484	0.319943	0.0939646	0.942766	36.9433	
0.944646	0.016471	-0.327679	-7.49421	-0.0480419	0.994918	-0.0884866	-1.03483	0.324556	0.0993307	0.940636	37.8872	
0.942742	0.0172017	-0.333079	-7.83976	-0.0494601	0.994837	-0.0886134	-1.14168	0.329835	0.100014	0.938726	38.8195	
0.94012	0.0167479	-0.340432	-8.14905	-0.0500976	0.994734	-0.08941	-1.19377	0.337142	0.101111	0.936009	39.769	
0.937768	0.0161101	-0.346887	-8.50617	-0.049159	0.995022	-0.0866849	-1.31888	0.343764	0.0983431	0.933892	40.6946	
0.93549	0.0134161	-0.353099	-8.90626	-0.0465248	0.995256	-0.0854465	-1.40857	0.350278	0.0963622	0.931676	41.6067	
0.932512	0.0129005	-0.360908	-9.28692	-0.0457676	0.995526	-0.0826694	-1.50894	0.358227	0.0936081	0.92893	42.526	
0.929564	0.0112681	-0.368489	-9.68582	-0.0425311	0.996137	-0.0768294	-1.61973	0.366199	0.0870901	0.926452	43.4363	
0.926007	0.0125715	-0.377298	-10.0649	-0.0428487	0.996487	-0.0719612	-1.70175	0.375068	0.0828033	0.923292	44.358	
0.922357	0.0147426	-0.386057	-10.4556	-0.0442165	0.996734	-0.0675779	-1.788	0.3838	0.0794011	0.919996	45.2744	
0.918713	0.0143034	-0.394666	-10.8376	-0.0438452	0.99686	-0.065936	-1.86606	0.392484	0.0778805	0.916456	46.1953	
0.914761	0.0132487	-0.403779	-11.2449	-0.0434701	0.996887	-0.0657717	-1.94056	0.401651	0.0777177	0.912489	47.1055	
0.910981	0.012945	-0.412246	-11.6433	-0.0434282	0.996962	-0.0646618	-2.01674	0.410156	0.0768088	0.908775	48.0196	
0.9076	0.0138024	-0.41961	-12.0735	-0.043998	0.997083	-0.0623683	-2.10115	0.417525	0.0750674	0.90556	48.9184	
0.904195	0.0105257	-0.42699	-12.5263	-0.0405679	0.997293	-0.0613223	-2.16923	0.425189	0.0727694	0.902175	49.8074	
0.900659	0.00910447	-0.434431	-12.9604	-0.0380951	0.997585	-0.0580718	-2.24597	0.432853	0.0688526	0.898831	50.705	
0.896582	0.0101726	-0.44276	-13.3799	-0.0377628	0.997851	-0.0535431	-2.31085	0.441264	0.0647257	0.89504	51.6104	
0.892878	0.00905033	-0.450207	-13.819	-0.0353965	0.998115	-0.0501358	-2.38749	0.448904	0.0607009	0.891516	52.5056	
0.889094	0.00797238	-0.457656	-14.2466	-0.0343167	0.998195	-0.0492788	-2.45706	0.456437	0.0595187	0.887763	53.4068	
0.885817	0.00473612	-0.46401	-14.7304	-0.0314924	0.998256	-0.0499315	-2.49925	0.462964	0.058843	0.884422	54.281	
0.883115	0.00654456	-0.46911	-15.2128	-0.0330003	0.998293	-0.048197	-2.56343	0.467994	0.0580443	0.881823	55.1546	
0.880479	0.000436935	-0.474085	-15.733	-0.0276215	0.998348	-0.0503791	-2.59054	0.47328	0.0574526	0.879037	56.0082	
0.878429	0.0001091	-0.477873	-16.2301	-0.0285331	0.998228	-0.0522218	-2.63362	0.477021	0.0595083	0.876875	56.8748	
0.875165	-9.74035e-05	-0.483825	-16.6405	-0.0280823	0.998304	-0.0509976	-2.71549	0.483009	0.0582182	0.873678	57.7831	
0.872283	-0.00213412	-0.488997	-17.1144	-0.0269257	0.998264	-0.0523873	-2.74867	0.48826	0.0588632	0.870711	58.663	
0.872219	-0.00176716	-0.489112	-17.6151	-0.0266442	0.998337	-0.0511208	-2.81751	0.488389	0.0576206	0.870722	59.5259	
0.8717	-0.00257478	-0.490032	-18.1135	-0.0251542	0.998433	-0.0499919	-2.87739	0.489393	0.0559043	0.87027	60.3908	
0.870372	-0.00513478	-0.492369	-18.5473	-0.0229215	0.998439	-0.0509314	-2.93389	0.491862	0.0556151	0.868895	61.29	
0.869842	-0.00752722	-0.493272	-19.0421	-0.0215354	0.998351	-0.0532103	-2.98459	0.492859	0.0569074	0.868246	62.1575	
0.866395	-0.0114312	-0.499229	-19.4429	-0.0184041	0.998328	-0.0547991	-3.05161	0.499021	0.0566655	0.864735	63.0712	
0.864656	-0.0143282	-0.50216	-19.9344	-0.0149394	0.998418	-0.0542117	-3.10645	0.502142	0.0543764	0.863074	63.9404	
0.862475	-0.0152185	-0.505871	-20.4258	-0.0125224	0.9986	-0.0513913	-3.16975	0.505945	0.0506584	0.861077	64.809	
0.859243	-0.0191494	-0.511209	-20.9634	-0.0077069	0.998701	-0.0503641	-3.22191	0.511509	0.0472149	0.85798	65.6506	
0.855438	-0.0201968	-0.517511	-21.485	-0.00612933	0.998775	-0.0491108	-3.28984	0.517869	0.0451832	0.854266	66.5011	
0.850148	-0.0233459	-0.526027	-22	-0.00512724	0.998602	-0.052606	-3.34979	0.52652	0.0474199	0.848839	67.3562	
0.843661	-0.0261142	-0.536242	-22.4967	-0.00512154	0.998379	-0.0566773	-3.41472	0.536853	0.0505628	0.84216	68.2217	
0.836953	-0.0272292	-0.546597	-23.0138	-0.00517606	0.998323	-0.057658	-3.45724	0.54725	0.0510862	0.835408	69.0765	
0.831019	-0.0277709	-0.55555	-23.5743	-0.00242354	0.998563	-0.0535416	-3.52816	0.556238	0.0458405	0.829757	69.9016	
0.82668	-0.0255683	-0.56209	-24.2098	-0.00148788	0.998864	-0.0476245	-3.61654	0.56267	0.0402065	0.825703	70.6686	
0.822287	-0.0251469	-0.568517	-24.7511	-0.00306691	0.998813	-0.0486159	-3.67766	0.569064	0.0417199	0.821234	71.5073	
0.819901	-0.0241367	-0.571996	-25.3491	-0.00593907	0.998699	-0.0506555	-3.75554	0.572475	0.0449296	0.81869	72.305	
0.817511	-0.0219385	-0.575495	-25.9462	-0.0118806	0.998419	-0.0549376	-3.81789	0.57579	0.0517494	0.815958	73.1047	
0.813582	-0.0221105	-0.58103	-26.4813	-0.0130719	0.998329	-0.0562942	-3.86605	0.581303	0.0533952	0.811933	73.9482	
0.81037	-0.022838	-0.585473	-27.0682	-0.0104608	0.998517	-0.0534289	-3.93543	0.585825	0.0494217	0.808929	74.7548	
0.806833	-0.0221148	-0.590366	-27.6257	-0.00868364	0.998747	-0.0492803	-3.99719	0.590716	0.0448875	0.80563	75.5827	
0.802815	-0.0215479	-0.595838	-28.1542	-0.00766908	0.998891	-0.046457	-4.07302	0.596178	0.0418659	0.80176	76.4283	
0.799318	-0.020925	-0.600543	-28.7389	-0.0087116	0.998885	-0.0463996	-4.1282	0.600845	0.0423197	0.798245	77.2376	
0.795521	-0.0218444	-0.605533	-29.3408	-0.00956929	0.998772	-0.0486021	-4.16941	0.605851	0.0444585	0.794335	78.0351	
0.791938	-0.0243835	-0.610114	-29.9671	-0.00939686	0.998597	-0.0521068	-4.23	0.610529	0.0469985	0.790598	78.8123	
0.787402	-0.0254506	-0.615914	-30.5635	-0.00913202	0.998556	-0.0529367	-4.29264	0.616372	0.047307	0.786033	79.6126	
0.783321	-0.0258902	-0.621078	-31.2143	-0.00853458	0.99859	-0.0523912	-4.36043	0.621559	0.0463397	0.781996	80.3688	
0.778388	-0.0266533	-0.627218	-31.846	-0.00772493	0.998616	-0.0520225	-4.43041	0.627736	0.0453389	0.777105	81.1408	
0.773417	-0.0270678	-0.63332	-32.4943	-0.00829714	0.99857	-0.0528109	-4.5014	0.633844	0.0460996	0.772086	81.8989	
0.767663	-0.0305791	-0.640123	-33.1446	-0.00677895	0.998418	-0.0558246	-4.5501	0.640817	0.0471939	0.766241	82.657	
0.761989	-0.0306513	-0.646864	-33.7836	-0.00818848	0.998343	-0.0569517	-4.61849	0.647539	0.0486934	0.760475	83.4232	
0.756935	-0.0313568	-0.652738	-34.4651	-0.00842701	0.998297	-0.0577294	-4.69907	0.653436	0.049198	0.755381	84.1505	
0.75039	-0.0335718	-0.660143	-35.0953	-0.00789365	0.998183	-0.0597357	-4.77041	0.660949	0.050036	0.748761	84.9237	
0.745596	-0.0351274	-0.665472	-35.783	-0.0067729	0.998159	-0.0602768	-4.85265	0.666364	0.0494494	0.743985	85.645	
0.739041	-0.036907	-0.672648	-36.444	-0.0048708	0.998179	-0.0601198	-4.92172	0.673642	0.0477074	0.737516	86.3922	
0.733814	-0.037606	-0.678309	-37.1321	-0.00400758	0.99821	-0.0596771	-5.00184	0.679339	0.0465102	0.732349	87.1133	
0.727264	-0.0403084	-0.685173	-37.8131	-0.00285484	0.998088	-0.0617473	-5.07559	0.686352	0.0468627	0.725758	87.8419	
0.720992	-0.0448136	-0.691493	-38.5233	-0.0014099	0.99781	-0.0661352	-5.11889	0.692942	0.0486579	0.71935	88.5446	
0.714828	-0.0448702	-0.697859	-39.2275	-0.00130037	0.997852	-0.0654908	-5.20319	0.699299	0.0477221	0.713234	89.2495	
0.707577	-0.0427952	-0.705339	-39.81	-0.00204581	0.998036	-0.0626064	-5.3096	0.706633	0.0457419	0.7061	90.0554	
0.702611	-0.0418095	-0.710345	-40.4979	-0.00245569	0.998124	-0.0611765	-5.39983	0.71157	0.0447277	0.70119	90.7756	
0.696334	-0.0440219	-0.716367	-41.1662	-0.00302479	0.997928	-0.0642645	-5.43897	0.717712	0.0469164	0.694758	91.5185	
0.691107	-0.0440977	-0.721406	-41.8948	-0.00564822	0.997777	-0.0664026	-5.50537	0.72273	0.049966	0.689322	92.2001	
0.686724	-0.0455919	-0.725487	-42.6506	-0.00694058	0.997574	-0.0692604	-5.57145	0.726885	0.0525981	0.684742	92.8517	
0.681103	-0.0457237	-0.730759	-43.3729	-0.0078088	0.997538	-0.0696943	-5.64281	0.732146	0.0531753	0.679069	93.5395	
0.676987	-0.0476208	-0.734453	-44.129	-0.00670075	0.997464	-0.0708506	-5.69434	0.735964	0.0528863	0.674951	94.1919	
0.673893	-0.0496454	-0.737159	-44.9095	-0.00446378	0.997448	-0.0712557	-5.78429	0.738815	0.0513093	0.671952	94.8105	
0.668383	-0.0500419	-0.742132	-45.6405	-0.00400817	0.997478	-0.0708696	-5.88342	0.743807	0.0503426	0.666496	95.4858	
0.663045	-0.0527001	-0.746722	-46.373	-0.00325351	0.997307	-0.073274	-5.94938	0.748572	0.0510134	0.661088	96.1633	
0.658465	-0.0540353	-0.750669	-47.1079	-0.00223286	0.997275	-0.0737453	-6.03522	0.752608	0.0502348	0.65655	96.836	
0.656882	-0.0561252	-0.751902	-47.8856	-0.00128737	0.997141	-0.0755555	-6.11208	0.753992	0.050599	0.654931	97.46	
0.653766	-0.0596915	-0.754339	-48.6615	-0.000549663	0.996846	-0.0793576	-6.18096	0.756697	0.0522959	0.651671	98.087	
0.651919	-0.0620153	-0.755748	-49.441	-0.00109386	0.996572	-0.0827205	-6.27251	0.758288	0.0547537	0.649617	98.7066	
0.646099	-0.0672605	-0.760284	-50.1622	0.00116365	0.996195	-0.0871422	-6.37049	0.763252	0.0554178	0.643719	99.3924	
0.640808	-0.0730558	-0.764218	-50.9606	0.00484389	0.995827	-0.0911349	-6.47117	0.767686	0.0546981	0.638487	99.9861	
0.632578	-0.0801798	-0.770335	-51.7202	0.0081101	0.995258	-0.096931	-6.5646	0.774454	0.0550689	0.630229	100.63	
0.623696	-0.0843947	-0.777098	-52.4887	0.0115573	0.995041	-0.0987879	-6.67046	0.781582	0.0526324	0.621578	101.261	
0.614242	-0.0861345	-0.784403	-53.2805	0.0139582	0.995055	-0.0983358	-6.76861	0.788994	0.0494531	0.612407	101.864	
0.605701	-0.0876645	-0.790848	-54.0893	0.0149886	0.994993	-0.0988141	-6.87631	0.795551	0.0479981	0.603982	102.442	
0.595997	-0.0875739	-0.798197	-54.8716	0.0129964	0.994957	-0.0994572	-6.98222	0.802881	0.0489026	0.59413	103.056	
0.586074	-0.0896836	-0.805279	-55.6766	0.0124848	0.994737	-0.101697	-7.08773	0.810162	0.0495482	0.584109	103.639	
0.574378	-0.0912633	-0.813487	-56.4627	0.0116578	0.994577	-0.103348	-7.19292	0.818507	0.0498774	0.572327	104.248	
0.565304	-0.096192	-0.819255	-57.3036	0.0156877	0.994252	-0.105914	-7.30527	0.824733	0.0470215	0.563564	104.778	
0.553266	-0.101506	-0.826797	-58.1276	0.0189756	0.993826	-0.109314	-7.40098	0.832789	0.0447908	0.551776	105.336	
0.542891	-0.103842	-0.833358	-58.9562	0.0200401	0.993645	-0.11076	-7.53059	0.839564	0.0434297	0.541522	105.881	
0.533623	-0.105286	-0.839144	-59.7966	0.0204552	0.993537	-0.11165	-7.65976	0.845475	0.042414	0.532327	106.407	
0.522263	-0.105047	-0.84629	-60.6326	0.0189003	0.993566	-0.111664	-7.77098	0.852575	0.0423228	0.520889	106.945	
0.512773	-0.104785	-0.852105	-61.4825	0.0175059	0.993593	-0.111649	-7.89965	0.858345	0.042334	0.511323	107.456	
0.502997	-0.102016	-0.858246	-62.3149	0.0168694	0.993979	-0.108263	-8.0536	0.864123	0.0399778	0.50169	107.988	
0.494833	-0.101612	-0.863027	-63.1808	0.0191132	0.994172	-0.106094	-8.1875	0.868778	0.0360038	0.493891	108.47	
0.488675	-0.102004	-0.866482	-64.0622	0.0219645	0.994266	-0.10466	-8.31965	0.872189	0.0321127	0.488113	108.923	
0.482003	-0.103409	-0.870046	-64.9522	0.0223256	0.994138	-0.105789	-8.43152	0.875885	0.0315666	0.481487	109.365	
0.475437	-0.106077	-0.873331	-65.8337	0.0220548	0.993829	-0.108707	-8.56172	0.879473	0.0324222	0.474843	109.819	
0.46872	-0.110523	-0.876405	-66.718	0.0215766	0.993278	-0.113722	-8.66507	0.883083	0.0343938	0.467954	110.275	
0.464474	-0.111087	-0.878592	-67.6122	0.0194977	0.993144	-0.115263	-8.79437	0.885372	0.0364061	0.463456	110.703	
0.458329	-0.114822	-0.881334	-68.4845	0.0193724	0.992675	-0.119253	-8.92738	0.888571	0.0375837	0.457196	111.174	
0.458089	-0.116925	-0.881183	-69.4013	0.0205691	0.99244	-0.120995	-9.05455	0.888668	0.0373015	0.457031	111.552	
0.45175	-0.119735	-0.884073	-70.2529	0.0254485	0.992279	-0.121386	-9.18923	0.891781	0.0323376	0.451309	112.059	
0.446139	-0.119016	-0.887015	-71.0944	0.0283483	0.9925	-0.118911	-9.35474	0.894515	0.0279055	0.446167	112.573	
0.443098	-0.120576	-0.888327	-71.9856	0.030216	0.992359	-0.119625	-9.48816	0.895964	0.0261639	0.443356	113.007	
0.439165	-0.122272	-0.890047	-72.8659	0.031362	0.992178	-0.120828	-9.62267	0.897859	0.0251498	0.439565	113.462	
0.437674	-0.123464	-0.890616	-73.7605	0.0333914	0.992076	-0.121119	-9.76041	0.898513	0.023272	0.438329	113.887	
0.435101	-0.126123	-0.891505	-74.6511	0.0358567	0.991782	-0.122809	-9.8892	0.899668	0.021468	0.436047	114.323	
0.435848	-0.12721	-0.890985	-75.5689	0.0367483	0.991651	-0.123607	-10.0502	0.89927	0.0211315	0.436884	114.686	
0.438333	-0.133105	-0.888902	-76.516	0.0351662	0.990756	-0.131016	-10.1009	0.898125	0.0261692	0.438962	115.003	
0.436795	-0.135464	-0.889303	-77.3977	0.0398543	0.99054	-0.13131	-10.285	0.898678	0.0219131	0.438062	115.437	
0.436229	-0.136826	-0.889372	-78.2947	0.0428875	0.99041	-0.131334	-10.4584	0.898813	0.0191487	0.437914	115.844	
0.431788	-0.137205	-0.891479	-79.1285	0.0422953	0.990355	-0.131937	-10.5886	0.900983	0.0192634	0.433426	116.38	
0.428622	-0.137409	-0.892974	-79.9869	0.0433416	0.990356	-0.13159	-10.769	0.902444	0.0176995	0.430444	116.861	
0.430473	-0.134707	-0.892495	-80.8814	0.0418611	0.990716	-0.129342	-10.9456	0.901632	0.0183172	0.432115	117.271	
0.43165	-0.13016	-0.892601	-81.757	0.0418562	0.991359	-0.12432	-11.1558	0.90107	0.0163018	0.433368	117.706	
0.434297	-0.127888	-0.891645	-82.6526	0.0409245	0.991649	-0.122298	-11.3116	0.89984	0.0166236	0.435904	118.123	
0.443235	-0.125512	-0.887575	-83.5844	0.0373975	0.991876	-0.121586	-11.4311	0.895625	0.0206979	0.444328	118.466	
0.450534	-0.123678	-0.884151	-84.4941	0.0360055	0.992069	-0.120427	-11.5806	0.892033	0.0224219	0.451414	118.853	
0.456385	-0.120436	-0.881594	-85.3681	0.0336043	0.992423	-0.11818	-11.7067	0.889148	0.0243102	0.456975	119.322	
0.457365	-0.120576	-0.881067	-86.209	0.0332577	0.992391	-0.118547	-11.8032	0.888657	0.0249169	0.457895	119.855	
0.467534	-0.120074	-0.875782	-87.1198	0.0343231	0.99245	-0.117746	-11.9549	0.883308	0.0249909	0.468126	120.239	
0.475565	-0.11907	-0.871585	-87.9901	0.0330221	0.992515	-0.117573	-12.0662	0.87906	0.0271319	0.475938	120.719	
0.486623	-0.116515	-0.865807	-88.8766	0.0305675	0.99273	-0.116416	-12.1746	0.873077	0.0301849	0.486647	121.168	
0.496824	-0.113196	-0.860437	-89.7291	0.0282433	0.993041	-0.114333	-12.313	0.867392	0.0325018	0.496563	121.673	
0.507045	-0.110285	-0.854835	-90.5894	0.0250052	0.993245	-0.113309	-12.452	0.861557	0.0360777	0.506378	122.163	
0.516578	-0.109062	-0.849266	-91.444	0.0210679	0.993174	-0.114728	-12.5513	0.855981	0.0413737	0.515349	122.673	
0.532069	-0.107639	-0.839831	-92.3424	0.0210566	0.993262	-0.113963	-12.6871	0.846439	0.0429524	0.53075	123.09	
0.542086	-0.106031	-0.833607	-93.1674	0.0216749	0.993442	-0.112266	-12.8125	0.840043	0.0427893	0.540829	123.641	
0.553719	-0.103735	-0.826217	-93.9886	0.0209024	0.993629	-0.110746	-12.9216	0.832442	0.044052	0.552359	124.201	
0.56661	-0.102141	-0.817631	-94.8245	0.0219242	0.993805	-0.108956	-13.0736	0.823694	0.0438094	0.565339	124.729	
0.578845	-0.100677	-0.809199	-95.6595	0.0213276	0.993879	-0.108398	-13.2112	0.815159	0.0454876	0.577449	125.262	
0.589692	-0.0995168	-0.801474	-96.4608	0.019723	0.993858	-0.108893	-13.3381	0.807388	0.048406	0.588032	125.846	
0.597056	-0.10306	-0.795552	-97.2612	0.0203329	0.993339	-0.113422	-13.4455	0.801942	0.0515436	0.595174	126.436	
0.605932	-0.103967	-0.788693	-98.0615	0.0207416	0.993151	-0.114983	-13.5648	0.795246	0.0533135	0.603939	127.024	
0.615746	-0.102179	-0.781291	-98.8546	0.0211434	0.993342	-0.113248	-13.6906	0.787661	0.053213	0.613807	127.62	
0.626128	-0.101541	-0.77308	-99.6496	0.0236105	0.993499	-0.11137	-13.8219	0.779363	0.0514788	0.624455	128.212	
0.637764	-0.0990354	-0.763839	-100.459	0.0226461	0.993682	-0.109927	-13.9378	0.769899	0.0528097	0.635977	128.788	
0.647267	-0.0956028	-0.756244	-101.211	0.0198488	0.993881	-0.108656	-14.0605	0.762005	0.0553188	0.645204	129.435	
0.657439	-0.0927633	-0.747776	-101.977	0.0173278	0.993992	-0.108073	-14.1771	0.753308	0.0580939	0.655097	130.067	
0.666859	-0.0914149	-0.739556	-102.743	0.0166251	0.994025	-0.107878	-14.2941	0.744999	0.0596444	0.664394	130.7	
0.675576	-0.0889932	-0.7319	-103.489	0.0168523	0.994293	-0.105343	-14.4284	0.737098	0.0588328	0.67322	131.352	
0.684256	-0.0877963	-0.723938	-104.228	0.0180968	0.994465	-0.1035	-14.5569	0.729018	0.0577194	0.682057	132.013	
0.692315	-0.0870643	-0.716324	-104.949	0.0184544	0.994506	-0.10304	-14.6807	0.72136	0.0581165	0.690118	132.695	
0.700497	-0.0853416	-0.708535	-105.678	0.0172858	0.994562	-0.102703	-14.7965	0.713446	0.0596958	0.698162	133.37	
0.707435	-0.0833144	-0.701851	-106.393	0.0166682	0.994718	-0.101279	-14.9261	0.706582	0.0599497	0.705087	134.057	
0.715079	-0.0812959	-0.6943	-107.102	0.0176451	0.994997	-0.0983315	-15.0503	0.69882	0.0580639	0.712937	134.751	
0.722184	-0.0802491	-0.68703	-107.795	0.0184361	0.995128	-0.0968574	-15.1507	0.691455	0.0572828	0.720145	135.465	
0.729243	-0.0782539	-0.679765	-108.482	0.0180579	0.995294	-0.0952051	-15.2751	0.684016	0.0571526	0.727225	136.181	
0.736291	-0.0776446	-0.672196	-109.152	0.0177203	0.995267	-0.0955521	-15.3696	0.676433	0.0584427	0.734182	136.917	
0.744711	-0.0734819	-0.66333	-109.853	0.0160212	0.995602	-0.0923033	-15.4859	0.667195	0.0581119	0.742613	137.62	
0.753264	-0.0713943	-0.653831	-110.515	0.0168458	0.995859	-0.0893339	-15.5952	0.657502	0.0562778	0.751348	138.362	
0.762195	-0.0684775	-0.643716	-111.171	0.0172588	0.996185	-0.0855374	-15.7063	0.647117	0.0540864	0.760469	139.109	
0.772801	-0.0655766	-0.631252	-111.863	0.0161116	0.996354	-0.0837803	-15.8153	0.634444	0.054575	0.771039	139.823	
0.782515	-0.0626861	-0.619468	-112.501	0.0139423	0.996434	-0.0832206	-15.9169	0.622475	0.0564846	0.780599	140.586	
0.791814	-0.0614019	-0.607667	-113.108	0.0122767	0.996333	-0.0846778	-16.0092	0.610638	0.0595889	0.789664	141.375	
0.801119	-0.0589599	-0.595594	-113.718	0.011534	0.996472	-0.0831301	-16.1146	0.598394	0.0597275	0.798973	142.16	
0.811204	-0.0577664	-0.581903	-114.325	0.0122221	0.996566	-0.0818925	-16.209	0.584635	0.0593195	0.809125	142.949	
0.821038	-0.0573539	-0.567985	-114.923	0.0142438	0.996689	-0.0800536	-16.3043	0.570696	0.0576367	0.819136	143.745	
0.830377	-0.0562443	-0.554356	-115.497	0.0154491	0.996834	-0.0779962	-16.4068	0.556987	0.056202	0.828617	144.558	
0.838926	-0.0562077	-0.541335	-116.04	0.0173152	0.996906	-0.0766764	-16.4766	0.543969	0.0549526	0.837304	145.395	
0.846802	-0.0557429	-0.52898	-116.587	0.0186599	0.996995	-0.0751903	-16.5701	0.531581	0.0538006	0.845297	146.226	
0.853346	-0.0557811	-0.518352	-117.11	0.0202602	0.997057	-0.0739419	-16.6678	0.520951	0.0525961	0.851965	147.073	
0.859872	-0.0554447	-0.507489	-117.637	0.0206129	0.997045	-0.0740043	-16.7545	0.510093	0.0531734	0.858474	147.919	
0.866977	-0.0532262	-0.495497	-118.174	0.0193509	0.997126	-0.0732524	-16.8518	0.497972	0.0539198	0.865515	148.756	
0.873161	-0.0510006	-0.484757	-118.612	0.0184137	0.997253	-0.0717521	-16.908	0.487084	0.053725	0.871701	149.654	
0.879486	-0.0498943	-0.473303	-119.113	0.0181798	0.997286	-0.0713496	-17.0056	0.475578	0.0541464	0.878005	150.514	
0.88506	-0.0497503	-0.46281	-119.579	0.0184988	0.997246	-0.0718235	-17.0856	0.465109	0.0550067	0.883543	151.395	
0.889513	-0.0509358	-0.454062	-120.03	0.0195553	0.9971	-0.0735437	-17.1655	0.456492	0.0565388	0.887929	152.283	
0.893533	-0.0505036	-0.446149	-120.474	0.0194189	0.997071	-0.0739758	-17.2422	0.448578	0.0574361	0.891896	153.176	
0.896937	-0.0496067	-0.439367	-120.925	0.01924	0.997124	-0.0733031	-17.3196	0.44174	0.0572948	0.895312	154.066	
0.900489	-0.0485074	-0.432166	-121.391	0.0201485	0.997346	-0.0699619	-17.409	0.434413	0.0542924	0.899076	154.946	
0.904728	-0.0458031	-0.423521	-121.863	0.0201056	0.997686	-0.0649484	-17.4993	0.425516	0.0502455	0.903555	155.823	
0.908382	-0.0435008	-0.415873	-122.326	0.0196351	0.997914	-0.0614945	-17.5966	0.417681	0.0476948	0.907341	156.704	
0.911351	-0.0415235	-0.40953	-122.702	0.0189504	0.998077	-0.0590264	-17.6493	0.411193	0.046033	0.910385	157.629	
0.91381	-0.0411895	-0.404047	-123.064	0.0196109	0.998159	-0.0574017	-17.7002	0.405667	0.0445305	0.912935	158.56	
0.917274	-0.0401918	-0.396223	-123.512	0.0203207	0.998322	-0.0542236	-17.7924	0.397737	0.0416864	0.916552	159.449	
0.92078	-0.0417643	-0.387839	-123.916	0.0226587	0.9983	-0.0537067	-17.8395	0.389422	0.0406641	0.920161	160.362	
0.924079	-0.0428728	-0.37979	-124.313	0.0242409	0.998262	-0.0537083	-17.8957	0.381433	0.0404243	0.923512	161.279	
0.927709	-0.0432277	-0.370793	-124.706	0.0249058	0.998227	-0.0540617	-17.9584	0.372473	0.0409186	0.927141	162.196	
0.931385	-0.0446728	-0.361283	-125.074	0.026139	0.998087	-0.0560276	-18.0095	0.363095	0.0427398	0.930771	163.124	
0.935122	-0.0445354	-0.351516	-125.444	0.0261513	0.998039	-0.0568776	-18.0857	0.35336	0.0439949	0.934452	164.05	
0.939287	-0.0442918	-0.340263	-125.769	0.0256177	0.997918	-0.0591814	-18.1348	0.342176	0.0468716	0.938466	164.995	
0.94417	-0.041131	-0.326881	-126.102	0.0230302	0.997989	-0.0590548	-18.2	0.328653	0.0482296	0.943218	165.935	
0.949748	-0.0372606	-0.310789	-126.432	0.0205149	0.998165	-0.0569786	-18.2664	0.312341	0.0477396	0.94877	166.877	
0.955739	-0.0332969	-0.292326	-126.753	0.018505	0.998411	-0.0532214	-18.3364	0.293634	0.0454563	0.954837	167.821	
0.961262	-0.0301505	-0.273981	-127.035	0.0167817	0.998557	-0.0510085	-18.3961	0.275124	0.0444347	0.960381	168.779	
0.966586	-0.0284054	-0.254765	-127.267	0.0161915	0.998622	-0.0499121	-18.4581	0.255832	0.0441193	0.965714	169.75	
0.971766	-0.0268087	-0.234421	-127.499	0.0159085	0.998708	-0.0482665	-18.5115	0.235412	0.0431744	0.970936	170.721	
0.976617	-0.0265948	-0.213333	-127.725	0.0171298	0.99879	-0.046094	-18.5569	0.214301	0.0413618	0.975892	171.694	
0.981304	-0.0235406	-0.191021	-127.955	0.0156977	0.998975	-0.0424679	-18.6051	0.191825	0.0386754	0.980667	172.666	
0.985441	-0.0219027	-0.1686	-128.148	0.0157066	0.999154	-0.037997	-18.6652	0.16929	0.0347957	0.984952	173.645	
0.988737	-0.0201757	-0.148297	-128.289	0.0152197	0.99929	-0.0344784	-18.7076	0.148888	0.0318331	0.988342	174.634	
0.991644	-0.0183243	-0.127694	-128.431	0.0141098	0.999328	-0.0338312	-18.756	0.128228	0.0317468	0.991236	175.623	
0.994147	-0.017762	-0.106564	-128.582	0.01407	0.999278	-0.0352985	-18.8083	0.107114	0.0335926	0.993679	176.61	
0.996202	-0.0167113	-0.0854539	-128.691	0.0136848	0.999262	-0.03588	-18.856	0.0859904	0.0345743	0.995696	177.603	
0.997622	-0.0178107	-0.0665814	-128.745	0.0155301	0.99928	-0.0346156	-18.8919	0.06715	0.0334993	0.99718	178.601	
0.998649	-0.0185721	-0.048523	-128.764	0.0169867	0.999315	-0.0328845	-18.947	0.0491005	0.0320158	0.998281	179.599	
0.999452	-0.0173848	-0.0281758	-128.823	0.0164917	0.999364	-0.0316271	-18.9952	0.0287077	0.0311451	0.999103	180.597	
0.999833	-0.016021	-0.00873837	-128.842	0.0157432	0.999396	-0.0309871	-19.0396	0.00922954	0.0308444	0.999482	181.595	
0.999808	-0.0151941	0.0123495	-128.873	0.015561	0.999423	-0.0301828	-19.0791	-0.0118837	0.0303692	0.999468	182.594	
0.999381	-0.0126088	0.032831	-128.876	0.0136013	0.999452	-0.0301828	-19.1204	-0.0324324	0.0306107	0.999005	183.593	
0.99854	-0.011045	0.0528829	-128.88	0.01269	0.999443	-0.0308717	-19.1725	-0.0525125	0.0314976	0.998123	184.592	
0.997407	-0.0108718	0.0711397	-128.807	0.0132268	0.999377	-0.0327171	-19.2036	-0.0707397	0.0335733	0.99693	185.589	
0.995847	-0.00811393	0.0906789	-128.77	0.0113326	0.999322	-0.0350366	-19.2425	-0.0903331	0.0359187	0.995264	186.587	
0.993894	-0.0070285	0.110118	-128.692	0.0110987	0.999276	-0.0363927	-19.2891	-0.109782	0.0373926	0.993252	187.583	
0.991748	-0.00761192	0.127975	-128.58	0.0126142	0.999186	-0.0383231	-19.3463	-0.127579	0.0396212	0.991037	188.575	
0.989194	-0.00613933	0.146485	-128.418	0.0126225	0.998979	-0.0433702	-19.3795	-0.146069	0.0447505	0.988262	189.561	
0.9864	-0.0046048	0.164299	-128.283	0.0128773	0.9987	-0.0493212	-19.4323	-0.163858	0.0507661	0.985177	190.551	
0.983598	-0.00162297	0.180367	-128.126	0.0113947	0.998521	-0.0531538	-19.4986	-0.180014	0.0543372	0.982162	191.536	
0.980383	0.00184785	0.197092	-127.96	0.00941114	0.998377	-0.0561735	-19.5736	-0.196876	0.0569264	0.978774	192.52	
0.976659	0.00395811	0.214761	-127.784	0.00879806	0.998254	-0.0584086	-19.6432	-0.214617	0.0589347	0.974918	193.501	
0.972561	0.00480433	0.2326	-127.613	0.0088489	0.998299	-0.0576193	-19.719	-0.232481	0.0580966	0.970864	194.484	
0.968383	0.0038431	0.249439	-127.377	0.0109042	0.998274	-0.0577132	-19.7872	-0.24923	0.0586084	0.966669	195.453	
0.963943	0.00239718	0.266097	-127.112	0.014757	0.997939	-0.0624478	-19.8404	-0.265698	0.0641229	0.961921	196.416	
0.958894	0.00298813	0.28375	-126.954	0.0162621	0.997723	-0.0654623	-19.9327	-0.283299	0.0673857	0.956661	197.399	
0.953766	0.00617548	0.300487	-126.709	0.0142454	0.997736	-0.065721	-20.0104	-0.300213	0.066963	0.951519	198.365	
0.948343	0.00863218	0.31713	-126.413	0.0131989	0.997691	-0.0666268	-20.0941	-0.316972	0.0673708	0.946039	199.317	
0.941938	0.0118354	0.335578	-126.173	0.0123041	0.997491	-0.069717	-20.1793	-0.335561	0.0697981	0.939429	200.284	
0.935952	0.0120803	0.35192	-125.82	0.0144791	0.997246	-0.0727403	-20.254	-0.351829	0.073177	0.9332	201.217	
0.929498	0.0133909	0.368584	-125.47	0.0152418	0.997092	-0.074662	-20.3268	-0.368512	0.075016	0.926591	202.151	
0.92225	0.0128324	0.386381	-125.135	0.0189113	0.996755	-0.0782431	-20.4092	-0.386131	0.0794667	0.919014	203.089	
0.914385	0.0163682	0.404514	-124.738	0.0193709	0.996269	-0.0841001	-20.4854	-0.404381	0.0847357	0.910657	204.004	
0.904903	0.020988	0.4251	-124.316	0.0184097	0.995919	-0.0883587	-20.5607	-0.42522	0.087782	0.900823	204.907	
0.893243	0.0268268	0.448773	-123.938	0.0153343	0.995819	-0.0900496	-20.6701	-0.449313	0.0873178	0.889097	205.826	
0.880077	0.033365	0.473657	-123.52	0.0125817	0.995539	-0.0935043	-20.7749	-0.474664	0.0882504	0.875731	206.729	
0.86582	0.0386191	0.498863	-123.087	0.0111172	0.995286	-0.0963444	-20.9012	-0.500232	0.0889629	0.861309	207.621	
0.851621	0.0447184	0.522247	-122.588	0.00899905	0.99496	-0.0998699	-21.0055	-0.524081	0.0897511	0.846926	208.482	
0.836911	0.0489942	0.545142	-122.044	0.00814426	0.994761	-0.101907	-21.0938	-0.547279	0.0897265	0.832127	209.317	
0.821822	0.0534343	0.567234	-121.515	0.00684635	0.994594	-0.103612	-21.2175	-0.569704	0.0890337	0.817013	210.156	
0.804841	0.0577517	0.590674	-120.963	0.00778245	0.994142	-0.107804	-21.315	-0.59344	0.0913619	0.799676	210.984	
0.790591	0.0600864	0.609389	-120.322	0.0105913	0.993683	-0.111719	-21.4095	-0.612253	0.0947782	0.784961	211.745	
0.771777	0.0633765	0.632727	-119.795	0.0110574	0.993533	-0.113004	-21.5531	-0.635797	0.0942098	0.766085	212.583	
0.756577	0.0647322	0.650693	-119.211	0.0131444	0.993382	-0.114107	-21.6954	-0.653773	0.0948835	0.750718	213.383	
0.741188	0.0662424	0.668021	-118.563	0.0142757	0.993339	-0.114341	-21.8186	-0.671145	0.0942847	0.735306	214.134	
0.728586	0.0672826	0.681642	-117.856	0.0154109	0.993302	-0.114518	-21.9425	-0.684781	0.0939408	0.722669	214.83	
0.71499	0.0677966	0.695839	-117.145	0.0183397	0.993126	-0.115606	-22.0523	-0.698894	0.0954186	0.708832	215.525	
0.699959	0.0690024	0.710841	-116.459	0.0211562	0.992881	-0.117213	-22.1755	-0.713869	0.0970829	0.693517	216.242	
0.685309	0.0702887	0.724853	-115.776	0.0242838	0.992572	-0.119208	-22.3106	-0.727848	0.0992968	0.678512	216.959	
0.66973	0.0733281	0.738975	-115.079	0.0252213	0.992293	-0.121323	-22.4452	-0.742176	0.0998913	0.662719	217.664	
0.653348	0.0776667	0.753063	-114.378	0.0247603	0.991999	-0.123791	-22.5694	-0.756653	0.0995245	0.646198	218.367	
0.637811	0.0818618	0.76583	-113.621	0.0229308	0.991876	-0.125122	-22.7084	-0.769851	0.0973653	0.630753	219.005	
0.619166	0.0884213	0.780266	-112.916	0.0190189	0.99166	-0.127469	-22.8473	-0.78503	0.0937641	0.61232	219.7	
0.602153	0.0943977	0.792781	-112.149	0.0148119	0.991494	-0.129309	-22.9897	-0.798244	0.0896064	0.595632	220.326	
0.584341	0.101106	0.805185	-111.371	0.011243	0.991104	-0.132611	-23.1348	-0.81143	0.0865429	0.578006	220.937	
0.564481	0.105716	0.818649	-110.61	0.0103488	0.990781	-0.13508	-23.3046	-0.825381	0.0847219	0.558183	221.563	
0.545459	0.111228	0.830724	-109.804	0.0107779	0.990142	-0.13965	-23.4437	-0.838068	0.0851267	0.538884	222.138	
0.526017	0.115249	0.842629	-108.997	0.00877573	0.989988	-0.140882	-23.5997	-0.850429	0.0815008	0.519739	222.709	
0.505329	0.120001	0.854542	-108.17	0.00486362	0.989872	-0.141881	-23.7576	-0.862913	0.0758525	0.499627	223.248	
0.48234	0.124501	0.867092	-107.343	-0.000576827	0.989893	-0.141812	-23.9351	-0.875984	0.0679014	0.477537	223.782	
0.460912	0.128765	0.878055	-106.48	-0.00396613	0.989707	-0.143057	-24.0836	-0.887437	0.062454	0.456678	224.265	
0.440808	0.131493	0.887918	-105.595	-0.00556184	0.989593	-0.143789	-24.2382	-0.897584	0.0584449	0.436952	224.703	
0.420405	0.133861	0.897408	-104.72	-0.00652982	0.989478	-0.144535	-24.3975	-0.907313	0.0549033	0.416855	225.16	
0.399114	0.135449	0.906842	-103.836	-0.00704476	0.989452	-0.144687	-24.5544	-0.916874	0.0513581	0.395858	225.6	
0.378032	0.136281	0.915707	-102.939	-0.0062332	0.989458	-0.144683	-24.7162	-0.925772	0.0489871	0.374896	226.012	
0.356854	0.135176	0.924328	-102.035	-0.00526563	0.98975	-0.14271	-24.8837	-0.934145	0.0460596	0.353908	226.406	
0.333496	0.136416	0.93283	-101.138	-0.00726945	0.989818	-0.142151	-25.0495	-0.942724	0.0406256	0.331092	226.814	
0.314949	0.137329	0.939121	-100.201	-0.00726462	0.989796	-0.142303	-25.2082	-0.949081	0.0379959	0.312733	227.127	
0.296317	0.141219	0.944592	-99.265	-0.00477121	0.989215	-0.146394	-25.3704	-0.955078	0.0388723	0.293795	227.439	
0.278179	0.144612	0.949581	-98.3212	0.00258789	0.988485	-0.151294	-25.5388	-0.960526	0.0445444	0.274602	227.723	
0.259492	0.149884	0.954043	-97.3652	0.00781032	0.987525	-0.157269	-25.702	-0.965714	0.0482613	0.255084	227.967	
0.237813	0.155681	0.958753	-96.4342	0.00936684	0.986658	-0.162536	-25.8771	-0.971266	0.0476337	0.233182	228.288	
0.217952	0.160869	0.96261	-95.4867	0.00843867	0.985974	-0.166684	-26.0561	-0.975923	0.0444523	0.213537	228.552	
0.19889	0.167734	0.965561	-94.5307	0.00595644	0.985019	-0.172341	-26.2464	-0.980004	0.0400282	0.194911	228.776	
0.180104	0.171683	0.968549	-93.5754	0.00459705	0.984493	-0.175364	-26.4394	-0.983637	0.0360362	0.176522	229	
0.161754	0.175225	0.97115	-92.6158	0.00154228	0.984063	-0.177812	-26.6454	-0.98683	0.0302595	0.158906	229.192	
0.142732	0.178946	0.973451	-91.6529	0.000861818	0.983498	-0.180919	-26.8447	-0.989761	0.0266618	0.140222	229.373	
0.124995	0.180988	0.97551	-90.6861	0.000460669	0.98321	-0.182476	-27.0511	-0.992157	0.023258	0.122813	229.524	
0.106396	0.186919	0.976597	-89.7172	0.00231699	0.982122	-0.188229	-27.253	-0.994321	0.0222895	0.10406	229.667	
0.0890456	0.188928	0.977945	-88.7445	0.00302417	0.98179	-0.189946	-27.4598	-0.996023	0.0198714	0.0868527	229.772	
0.0733999	0.190067	0.979023	-87.7685	0.00068987	0.981661	-0.190631	-27.659	-0.997302	0.0146677	0.0719227	229.86	
0.0563705	0.189901	0.980184	-86.7934	-0.00311606	0.981773	-0.19003	-27.8628	-0.998405	0.00765778	0.0559348	229.949	
0.0422305	0.191055	0.980671	-85.8182	-0.00732918	0.981579	-0.190916	-28.0722	-0.999081	0.000874962	0.0428528	230.019	
0.0294522	0.190855	0.981176	-84.8421	-0.0106912	0.981606	-0.190617	-28.2841	-0.999509	-0.00487589	0.0309509	230.068	
0.0192455	0.190883	0.981424	-83.8646	-0.010606	0.98159	-0.190707	-28.4934	-0.999759	-0.00673868	0.0209157	230.096	
0.00871988	0.192115	0.981334	-82.8931	-0.00856447	0.981349	-0.192042	-28.7144	-0.999925	-0.00673002	0.0102026	230.182	
0.00220813	0.194602	0.98088	-81.9118	-0.00606428	0.980867	-0.194585	-28.9065	-0.999979	-0.00551866	0.003346	230.189	
0.00018155	0.194749	0.980853	-80.9327	-0.00122893	0.980852	-0.194749	-29.1042	-0.999999	-0.00117005	0.000417407	230.141	
-0.00320406	0.196133	0.980572	-79.9516	0.00846455	0.980547	-0.196101	-29.297	-0.999959	0.00767178	-0.00480192	230.124	
-0.0068331	0.199078	0.97996	-78.9735	0.0102159	0.979945	-0.199004	-29.5047	-0.999924	0.00865132	-0.00872982	230.114	
-0.0115552	0.199516	0.979826	-78.0005	0.00120501	0.979894	-0.199516	-29.7344	-0.999933	-0.00112475	-0.0115633	230.139	
-0.0131345	0.198079	0.980098	-77.0308	-0.00993026	0.980108	-0.198214	-29.9763	-0.999864	-0.0123361	-0.0109063	230.107	
-0.0143831	0.197727	0.980152	-76.0542	-0.0133879	0.980127	-0.197919	-30.1916	-0.999807	-0.0159688	-0.0114501	230.108	
-0.016654	0.199889	0.979677	-75.071	-0.00882885	0.979745	-0.200053	-30.371	-0.999822	-0.0119811	-0.0145519	230.141	
-0.0146414	0.19966	0.979756	-74.0913	-0.0042565	0.97984	-0.199741	-30.5693	-0.999884	-0.00709481	-0.0134964	230.113	
-0.0118698	0.200514	0.979619	-73.1174	-0.00295103	0.979677	-0.200562	-30.7953	-0.999925	-0.00527151	-0.0110368	230.089	
-0.00969576	0.203017	0.979127	-72.1389	-0.00154601	0.979169	-0.203041	-31.0012	-0.999952	-0.00348238	-0.00917992	230.088	
-0.00641817	0.203531	0.979048	-71.1625	0.000107609	0.979068	-0.203534	-31.2173	-0.999979	-0.00120096	-0.00630573	230.093	
-0.00709076	0.205748	0.978579	-70.1906	-0.000434519	0.978603	-0.205756	-31.4482	-0.999975	-0.00188418	-0.00684963	230.137	
-0.00247502	0.208281	0.978066	-69.2162	0.000407019	0.978069	-0.208281	-31.6727	-0.999997	-0.000117409	-0.00250551	230.154	
0.00379146	0.208299	0.978058	-68.2401	-0.000232748	0.978065	-0.208299	-31.8895	-0.999993	0.000562118	0.00375678	230.168	
0.0116318	0.205461	0.978596	-67.2643	-0.00154449	0.978665	-0.205457	-32.108	-0.999931	0.000878407	0.011701	230.164	
0.0198685	0.20296	0.978986	-66.2857	-0.00108086	0.979183	-0.202979	-32.3139	-0.999802	0.00297474	0.0196743	230.162	
0.0281371	0.200274	0.979336	-65.3079	0.000220855	0.979722	-0.200359	-32.5231	-0.999604	0.00585383	0.0275224	230.156	
0.0354278	0.200575	0.979038	-64.3319	7.59218e-05	0.979652	-0.200703	-32.7391	-0.999372	0.00718482	0.0346917	230.184	
0.0423185	0.200548	0.978769	-63.3555	-0.000758717	0.979653	-0.200696	-32.9503	-0.999104	0.00775056	0.0416096	230.228	
0.0491666	0.199786	0.978605	-62.3791	-0.00269444	0.979813	-0.199897	-33.1587	-0.998787	0.00719148	0.0487124	230.285	
0.0553433	0.199224	0.97839	-61.4034	-0.00359539	0.979925	-0.199333	-33.3689	-0.998461	0.00751405	0.0549486	230.347	
0.0622253	0.199275	0.977966	-60.432	-0.00349149	0.979902	-0.199448	-33.5984	-0.998056	0.00899615	0.0616705	230.408	
0.0686967	0.198606	0.977669	-59.4606	-0.0022453	0.980012	-0.198924	-33.8262	-0.997635	0.0114703	0.0677696	230.475	
0.0751621	0.198531	0.977208	-58.4835	0.000781338	0.979968	-0.199152	-34.0236	-0.997171	0.0157322	0.0735013	230.555	
0.0826886	0.199883	0.976324	-57.5081	0.00283397	0.979628	-0.2008	-34.2307	-0.996571	0.0193707	0.0804376	230.631	
0.0909623	0.200612	0.975439	-56.5401	0.000555379	0.979489	-0.201497	-34.4769	-0.995854	0.0188703	0.0889852	230.68	
0.0981424	0.201085	0.974645	-55.5681	2.14989e-05	0.979373	-0.202062	-34.6945	-0.995172	0.0198518	0.0961137	230.768	
0.105175	0.201621	0.9738	-54.598	-0.00291646	0.97929	-0.202443	-34.9166	-0.994449	0.0184519	0.103585	230.866	
0.114239	0.200461	0.973019	-53.627	-0.00426979	0.979521	-0.201299	-35.1393	-0.993444	0.0188415	0.112755	230.953	
0.121824	0.201067	0.971973	-52.656	-0.00523175	0.979383	-0.201945	-35.3522	-0.992538	0.0195166	0.120364	231.062	
0.128519	0.199999	0.971331	-51.6897	-0.00479075	0.979567	-0.201062	-35.5759	-0.991695	0.0211869	0.126851	231.189	
0.135061	0.197613	0.970931	-50.7214	-0.00345353	0.979998	-0.198977	-35.7791	-0.990831	0.0235209	0.133042	231.334	
0.143234	0.194866	0.970315	-49.7532	-0.00075379	0.980446	-0.196789	-35.9844	-0.989689	0.0274556	0.14058	231.477	
0.152918	0.193589	0.969092	-48.7819	0.00214483	0.980558	-0.196218	-36.1897	-0.988237	0.0320838	0.14953	231.597	
0.161942	0.193842	0.967574	-47.8161	0.00350067	0.980398	-0.196997	-36.3884	-0.986794	0.0352893	0.158089	231.764	
0.169595	0.19489	0.966051	-46.8495	0.00309786	0.980141	-0.198276	-36.588	-0.985509	0.0366194	0.165623	231.925	
