0.999933	-0.00286824	0.0112236	-0.0572934	0.0028573	0.999995	0.000990476	0.0117897	-0.0112264	-0.00095834	0.999937	-0.998288	
0.99996	-0.00489451	0.00749702	0.0575951	0.00490487	0.999987	-0.00136435	-0.00838772	-0.00749025	0.00140107	0.999971	0.998305	
0.999957	-0.00403512	-0.00837405	-0.0300784	0.00401064	0.999988	-0.00293722	-0.00833317	0.0083858	0.0029035	0.999961	0.999513	
0.999587	-0.000814039	-0.0287405	-0.0439192	0.000753901	0.999998	-0.00210323	-0.00653263	0.0287421	0.00208069	0.999585	0.999014	
0.999269	0.00817321	-0.0373427	-0.135924	-0.00819908	0.999966	-0.000539557	-0.0118606	0.037337	0.000845338	0.999302	0.990648	
0.999153	-0.00127414	-0.041137	0.0701545	0.00128829	0.999999	0.000317534	0.0020999	0.0411366	-0.000370262	0.999153	-0.997534	
0.99925	-0.000667707	-0.0387063	0.0229642	0.000719816	0.999999	0.00133235	-0.00566658	0.0387053	-0.00135921	0.99925	-0.99972	
0.999558	0.00164041	-0.0296905	0.0347382	-0.00162126	0.999998	0.000669044	0.00918908	0.0296915	-0.000620612	0.999559	-0.999354	
0.999729	-0.00510885	-0.0226945	0.0148307	0.0050406	0.999983	-0.00306372	0.00866233	0.0227098	0.0029485	0.999738	-0.999852	
0.999876	0.00172549	-0.0156284	-0.024822	-0.00178212	0.999992	-0.00361069	-0.00193571	0.0156221	0.0036381	0.999871	0.99969	
0.999858	-0.0037284	-0.0164052	-0.0171349	0.00365482	0.999983	-0.00451257	-0.00710721	0.0164217	0.00445197	0.999855	0.999828	
0.99984	-0.00626812	-0.0167384	-0.0180338	0.00620954	0.999974	-0.00354949	-0.00892034	0.0167602	0.00344499	0.999854	0.999798	
0.999798	0.00894806	-0.0180018	-0.041246	-0.00907573	0.999934	-0.00702251	-0.00589111	0.0179378	0.00718447	0.999813	0.999132	
0.99983	-0.00446293	-0.0178731	-0.0138693	0.00438976	0.999982	-0.00413133	-0.00866098	0.0178912	0.00405218	0.999832	0.999866	
0.999853	0.00280395	-0.0169261	-0.0276278	-0.00290751	0.999977	-0.00609686	-0.00403283	0.0169086	0.00614517	0.999838	0.99961	
0.999904	0.00120296	-0.0138366	-0.0291985	-0.00137767	0.999919	-0.0126239	-0.0143736	0.0138203	0.0126418	0.999825	0.99947	
0.99995	0.00458575	-0.008889	-0.0148929	-0.00473403	0.999849	-0.0167317	-0.0118594	0.00881093	0.0167729	0.999821	0.999819	
0.999948	0.00499155	-0.00891827	-0.0301154	-0.00512818	0.999869	-0.0153642	-0.012713	0.00884041	0.0154091	0.999842	0.999466	
0.999915	0.00764805	-0.0106004	-0.0141895	-0.00778106	0.999891	-0.0125642	-0.0105789	0.0105032	0.0126456	0.999865	0.999843	
0.999921	0.00693642	-0.0104932	-0.0310132	-0.00702472	0.99994	-0.0084016	-0.00334943	0.0104343	0.00847465	0.99991	0.999513	
0.999926	0.00154464	-0.0120717	-0.0126002	-0.00155455	0.999998	-0.000811518	0.00107071	0.0120704	0.000830224	0.999927	0.99992	
0.999904	-0.000693895	-0.0138355	-0.0227576	0.000734118	0.999996	0.00290233	-0.00205605	0.0138334	-0.00291221	0.9999	0.999739	
0.999843	0.000618758	-0.017689	-0.0182873	-0.00047429	0.999967	0.00817017	-0.00486374	0.0176935	-0.0081605	0.99981	0.999821	
0.999819	0.00432851	-0.018537	-0.0323987	-0.00416741	0.999953	0.00872054	-0.00413108	0.0185739	-0.00864171	0.99979	0.999466	
0.999804	0.00016763	-0.0197817	-0.0185879	-0.00013489	0.999999	0.00165637	-0.0049743	0.0197819	-0.00165338	0.999803	0.999815	
0.999832	-0.000522266	-0.0183347	-0.0334073	0.000569727	0.999997	0.00258346	-0.00288381	0.0183333	-0.00259347	0.999829	0.999438	
0.999835	-0.00302028	-0.0179115	-0.0127137	0.0031234	0.999979	0.00573225	-0.00267547	0.0178938	-0.00578725	0.999823	0.999916	
0.999857	-0.000971811	-0.0168971	-0.0115607	0.00112581	0.999958	0.00910697	-0.00450557	0.0168875	-0.00912468	0.999816	0.999923	
0.999883	-0.00358005	-0.0148945	-0.0297023	0.00361599	0.999991	0.00238681	-0.00288407	0.0148858	-0.00244039	0.999886	0.999555	
0.99991	-0.00288612	-0.0131038	-0.0150165	0.00292119	0.999992	0.00265792	-0.00230634	0.013096	-0.00269596	0.999911	0.999885	
0.999947	-0.00281994	-0.00992887	-0.00846357	0.00281584	0.999996	-0.000426418	-0.0124478	0.00993003	0.000398437	0.999951	0.999887	
0.999993	-9.92857e-05	-0.00376203	-0.0165282	0.000100735	1	0.000385039	-0.00607082	0.00376199	-0.000385416	0.999993	0.999845	
0.999996	-0.00284376	-0.000874531	-0.0124136	0.0028458	0.999993	0.00234169	-0.00646098	0.000867865	-0.00234417	0.999997	0.999902	
0.999976	-0.00493551	-0.0049055	0.023695	0.00492887	0.999987	-0.00136593	-0.00689371	0.00491218	0.00134171	0.999987	0.999695	
0.999972	-0.0029687	-0.00685296	-0.0261398	0.00300926	0.999978	0.00591641	-0.00927025	0.00683525	-0.00593687	0.999959	0.999615	
0.999886	-0.00499744	-0.0142689	0.00561376	0.00508138	0.99997	0.00585272	-0.00942235	0.0142392	-0.00592455	0.999881	0.99994	
0.999754	-0.00519195	-0.0215559	0.0198259	0.00506753	0.99997	-0.00582284	0.0163019	0.0215855	0.00571218	0.999751	-0.999671	
0.999759	-0.000241366	-0.0219487	-0.0264021	0.000365224	0.999984	0.00563923	-0.0107651	0.021947	-0.00564589	0.999743	0.999593	
0.999865	0.0034465	-0.0160886	-0.0316504	-0.00340234	0.99999	0.0027719	-0.0119901	0.016098	-0.00271678	0.999867	0.999427	
0.999926	0.00265901	-0.0118639	-0.00411007	-0.00279676	0.999929	-0.0116102	-0.0135479	0.0118321	0.0116425	0.999862	0.9999	
0.999937	-0.00173216	-0.0111271	-0.0236021	0.00175988	0.999995	0.00248134	-0.00981732	0.0111227	-0.00250076	0.999935	0.999673	
0.999948	-0.000320742	-0.010203	-0.0219605	0.000403555	0.999967	0.00811555	-0.00726519	0.0102	-0.00811925	0.999915	0.999732	
0.999935	0.000265399	-0.0113678	-0.0130082	-0.000291046	0.999997	-0.00225458	-0.0164237	0.0113672	0.00225774	0.999933	0.99978	
0.999911	-0.00347392	-0.0128972	-0.0361272	0.00343866	0.99999	-0.0027548	-0.0132458	0.0129066	0.0027102	0.999913	0.999259	
0.99988	-0.00015037	-0.0154666	-0.0099389	0.000169325	0.999999	0.00122423	-0.0120577	0.0154664	-0.00122671	0.99988	0.999878	
0.999844	-0.00192372	-0.0175418	-0.00923505	0.00187893	0.999995	-0.00256941	-0.00903445	0.0175467	0.00253605	0.999843	0.999917	
0.999845	-0.00264975	-0.0173771	-0.0276847	0.00260973	0.999994	-0.0023256	-0.00786342	0.0173832	0.00227989	0.999846	0.999586	
0.999813	-0.00130458	-0.0192922	0.00340825	0.00126661	0.999997	-0.00198047	-0.00960601	0.0192947	0.00195567	0.999812	0.999948	
0.999814	-0.000984581	-0.0192694	-0.00985747	0.00101923	0.999998	0.00178831	-0.00962661	0.0192676	-0.00180761	0.999813	0.999905	
0.999837	-0.00210847	-0.0179294	-0.0332939	0.00206535	0.999995	-0.00242303	-0.0201487	0.0179344	0.00238561	0.999836	0.999242	
0.999864	0.0017318	-0.0164118	-0.0104483	-0.00171997	0.999998	0.000735157	-0.0118983	0.016413	-0.000706829	0.999865	0.999875	
0.999896	-0.000238029	-0.0143934	-0.00243274	0.000220735	0.999999	-0.00120309	-0.00957254	0.0143937	0.00119979	0.999896	0.999951	
0.99989	-0.00141195	-0.0147523	-0.0139691	0.00132918	0.999983	-0.00561874	-0.00863817	0.01476	0.00559851	0.999875	0.999865	
0.999911	-0.00197651	-0.0132292	-0.027867	0.00198688	0.999998	0.000770962	-0.00801348	0.0132277	-0.000797178	0.999912	0.99958	
0.999905	-0.00243308	-0.0135786	-0.0206642	0.00243889	0.999997	0.000411833	-0.0135798	0.0135776	-0.000444911	0.999908	0.999694	
0.999924	-0.00348626	-0.0118472	-0.0237527	0.00348815	0.999994	0.000138556	-0.00651328	0.0118466	-0.00017987	0.99993	0.999697	
0.999933	-0.00436166	-0.0107415	0.000944961	0.00435043	0.99999	-0.00106811	-0.0149306	0.0107461	0.00102131	0.999942	0.999888	
0.999899	-0.00835531	-0.011537	-0.00749844	0.00829882	0.999953	-0.0049351	-0.00701813	0.0115777	0.00483885	0.999921	0.999947	
0.999779	-0.0107453	-0.0180442	-0.0226491	0.0107367	0.999942	-0.000573513	-0.0109116	0.0180493	0.000379651	0.999837	0.999684	
0.999724	-0.00260335	-0.0233491	-0.0019863	0.0026979	0.999988	0.00401856	0.0169269	0.0233384	-0.00408045	0.999719	-0.999855	
0.999742	-0.000680466	-0.0226823	-0.0351082	0.000646112	0.999999	-0.00152189	-0.00242069	0.0226833	0.00150684	0.999742	0.999381	
0.999712	-0.00231692	-0.0238739	-0.0276518	0.00224333	0.999993	-0.00310878	-0.00943449	0.023881	0.00305433	0.99971	0.999573	
0.999684	-0.00688064	-0.0241642	0.0324179	0.00694903	0.999972	0.00274755	0.00413135	0.0241447	-0.0029146	0.999704	-0.999466	
0.999678	-0.000456069	-0.0253613	-0.0023547	0.000425974	0.999999	-0.00119203	0.0128768	0.0253618	0.00118084	0.999678	-0.999914	
0.999711	0.00120661	-0.0240169	-0.00965401	-0.00126126	0.999997	-0.00226035	-0.0118674	0.0240141	0.00228999	0.999709	0.999883	
0.999775	-0.000963791	-0.0211902	0.0300339	0.0010161	0.999996	0.00245779	0.00650017	0.0211878	-0.00247877	0.999772	-0.999528	
0.999837	-0.00233717	-0.0179044	-0.0241712	0.00238458	0.999994	0.00262677	-0.0128135	0.0178982	-0.00266903	0.999836	0.999626	
0.999864	-0.00563237	-0.0155018	-0.0245017	0.00556491	0.999975	-0.00439181	-0.0152846	0.0155261	0.00430494	0.99987	0.999583	
0.99991	-0.0030173	-0.0130738	-0.00525519	0.00295273	0.999983	-0.00495567	-0.0189628	0.0130886	0.00491662	0.999902	0.999806	
0.999947	-0.00417288	-0.00944258	-0.0114444	0.00421415	0.999982	0.00435438	-0.0158122	0.00942423	-0.00439394	0.999946	0.999809	
0.999938	-0.00279174	-0.0107738	0.0480976	0.00285224	0.99998	0.00560422	-0.0147943	0.010758	-0.00563461	0.999926	0.998733	
0.999978	-0.00170944	-0.0064167	0.00904492	0.00173065	0.999993	0.00330254	-0.0221181	0.00641101	-0.00331358	0.999974	0.999714	
0.999982	-0.00390281	-0.00451279	-0.00832241	0.00391242	0.99999	0.00212303	-0.0181659	0.00450445	-0.00214065	0.999988	0.9998	
0.999973	-0.00611862	-0.00401002	-0.0163062	0.00613021	0.999977	0.00288238	-0.0129096	0.00399229	-0.00290689	0.999988	0.999784	
0.999978	-0.00358437	-0.00563988	0.0209516	0.00359526	0.999992	0.00192266	-0.0200783	0.00563294	-0.00194289	0.999982	0.999579	
0.999997	-0.00163093	-0.00197391	-0.00639897	0.00162659	0.999996	-0.00220202	-0.0176459	0.0019775	0.00219881	0.999996	0.999824	
0.999997	0.00215607	0.00140357	0.0099184	-0.00215155	0.999993	-0.00321492	-0.0024708	-0.00141049	0.00321188	0.999994	0.999948	
0.999931	0.00270702	0.0114297	-0.0213191	-0.00266956	0.999991	-0.00329082	-0.0123378	-0.0114385	0.00326008	0.999929	0.999697	
0.999917	0.00274849	0.0126257	0.0230536	-0.00275908	0.999996	0.000821412	-0.0254051	-0.0126234	-0.000856179	0.99992	0.999411	
0.999823	0.00395019	0.0184207	0.0129512	-0.00396421	0.999992	0.000724365	-0.0160168	-0.0184177	-0.00079726	0.99983	0.999788	
0.999741	0.00321138	0.0225391	0.000824048	-0.00316435	0.999993	-0.00212223	-0.014756	-0.0225458	0.00205036	0.999744	0.999891	
0.999672	0.0048503	0.0251519	0.00614858	-0.00471099	0.999973	-0.00559515	-0.0152662	-0.0251783	0.00547482	0.999668	0.999865	
0.999581	0.00550222	0.0284276	0.0194577	-0.0055607	0.999983	0.00197833	-0.0144509	-0.0284163	-0.00213558	0.999594	0.999706	
0.999509	0.00171043	0.0312848	-0.0181212	-0.00176748	0.999997	0.00179587	-0.0122552	-0.0312816	-0.00185029	0.999509	0.999761	
0.99965	0.00105667	0.0264215	0.0310814	-0.00100196	0.999997	-0.00208393	-0.028907	-0.0264236	0.00205673	0.999649	0.999099	
0.999629	-0.00149793	0.0271815	0.00501823	0.00153172	0.999998	-0.00122239	-0.0134586	-0.0271796	0.00126357	0.99963	0.999897	
0.999637	-2.73994e-05	0.0269345	-0.00861217	-8.09468e-05	0.999992	0.00402148	-0.00510843	-0.0269344	-0.0040222	0.999629	0.99995	
0.999527	0.00533298	0.0302912	-0.0434788	-0.0053371	0.999986	5.52632e-05	-0.029356	-0.0302905	-0.000216904	0.999541	0.998623	
0.999705	0.00276261	0.0241107	0.0150013	-0.00273499	0.999996	-0.00117831	-0.0173482	-0.0241138	0.00111202	0.999709	0.999737	
0.999722	0.00142705	0.0235364	0.0142036	-0.00152515	0.99999	0.00415092	-0.022221	-0.0235303	-0.00418566	0.999714	0.999652	
0.99974	0.00168826	0.0227528	-0.0081778	-0.00169928	0.999998	0.000465026	-0.021588	-0.022752	-0.000503568	0.999741	0.999734	
0.999812	0.00228497	0.0192435	0.0270353	-0.00234704	0.999992	0.00320343	-0.0180716	-0.019236	-0.00324799	0.99981	0.999471	
0.99973	0.00240648	0.023103	-0.026504	-0.00248403	0.999991	0.00332837	-0.0203314	-0.0230948	-0.00338486	0.999728	0.999442	
0.999748	0.00442411	0.0219867	0.011169	-0.00445256	0.999989	0.00124525	-0.020328	-0.0219809	-0.00134283	0.999757	0.999731	
0.999609	0.00354309	0.027741	0.00996273	-0.00371128	0.999975	0.00601403	-0.0147607	-0.027719	-0.00611463	0.999597	0.999841	
0.999511	0.00427613	0.0309692	0.00990413	-0.00427325	0.999991	-0.000159382	-0.0216538	-0.0309696	2.69652e-05	0.99952	0.999716	
0.999475	0.0015259	0.0323496	0.00276336	-0.00147893	0.999998	-0.00147585	-0.0235775	-0.0323517	0.00142723	0.999476	0.999718	
0.999452	0.00191973	0.033031	0.0332246	-0.0020706	0.999988	0.00453406	-0.019088	-0.0330219	-0.00459997	0.999444	0.999266	
0.999464	-0.000222032	0.0327223	0.0135582	5.84903e-05	0.999988	0.00499874	-0.016641	-0.032723	-0.00499415	0.999452	0.99977	
0.999593	-0.00152658	0.0284721	0.0101993	0.00142712	0.999993	0.00351338	-0.0194466	-0.0284773	-0.00347131	0.999588	0.999759	
0.999674	0.0016406	0.0254961	0.0134792	-0.00164986	0.999999	0.000342389	-0.0168005	-0.0254956	-0.000384342	0.999675	0.999768	
0.999655	0.00320814	0.0260848	0.0048099	-0.00324689	0.999994	0.00144331	-0.0193324	-0.02608	-0.0015275	0.999659	0.999802	
0.999734	-0.0010944	0.023041	0.00603092	0.00111468	0.999999	-0.000867283	-0.0218642	-0.02304	0.000892735	0.999734	0.999743	
0.999871	0.000466658	0.0160324	0.0244694	-0.000471666	1	0.000308616	-0.0118062	-0.0160322	-0.000316138	0.999871	0.999631	
0.9999	0.00282118	0.0138713	0.00378128	-0.0029279	0.999966	0.00767954	-0.0121373	-0.0138491	-0.00771939	0.999874	0.999919	
0.999881	0.00366038	0.0149864	0.00620861	-0.00373342	0.999981	0.00484894	-0.00691809	-0.0149684	-0.00490431	0.999876	0.999957	
0.999881	0.0011034	0.0153828	0.00255633	-0.00118315	0.999986	0.00517672	-0.0101399	-0.0153769	-0.0051943	0.999868	0.999945	
0.999862	-0.00180622	0.0165361	0.0174053	0.00176148	0.999995	0.00271946	-0.00270197	-0.0165409	-0.00268995	0.99986	0.999845	
0.999816	-0.00335597	0.0189063	0.0108246	0.00337104	0.999994	-0.000765072	-0.00753236	-0.0189036	0.000828665	0.999821	0.999913	
0.999748	-0.00152183	0.0223825	0.0114329	0.00160143	0.999992	-0.0035387	-0.00968816	-0.0223769	0.00357366	0.999743	0.999888	
0.999486	0.00596452	0.0314998	0.0196486	-0.00597745	0.999982	0.000316458	-0.0108599	-0.0314974	-0.000504584	0.999504	0.999748	
0.99917	0.00576849	0.0403187	0.0293208	-0.00596069	0.999971	0.0046486	-0.0149062	-0.0402908	-0.00488507	0.999176	0.999459	
0.999021	0.00259109	0.0441697	0.0269368	-0.00270502	0.999993	0.00251987	-0.0138278	-0.0441629	-0.00263688	0.999021	0.999541	
0.998999	0.00155898	0.0447113	0.0283316	-0.00185614	0.999976	0.00660532	-0.0109703	-0.0447	-0.00668169	0.998978	0.999538	
0.998955	0.00253123	0.045627	0.0169402	-0.00289723	0.999964	0.00795721	-0.00710873	-0.0456053	-0.00808109	0.998927	0.999831	
0.999004	0.00082224	0.0446178	0.0177354	-0.000741896	0.999998	-0.00181724	-0.00942751	-0.0446192	0.00178233	0.999002	0.999798	
0.999136	-0.00139635	0.0415352	0.0229209	0.00134052	0.999998	0.00137184	-0.0079424	-0.041537	-0.00131498	0.999136	0.999706	
0.999201	0.000905979	0.0399692	0.03345	-0.00103244	0.999995	0.00314351	-0.00856067	-0.0399662	-0.00318227	0.999196	0.999404	
0.999161	0.00166742	0.0409244	0.0180518	-0.00173499	0.999997	0.00161562	-0.00825799	-0.0409216	-0.00168527	0.999161	0.999803	
0.999171	0.00372423	0.0405409	0.02607	-0.00368851	0.999993	-0.000955814	-0.00850647	-0.0405441	0.000805486	0.999177	0.999624	
0.999238	0.00198278	0.0389809	0.00915069	-0.00181464	0.999989	-0.0043484	-0.00608282	-0.0389891	0.00427435	0.99923	0.99994	
0.999254	0.000162417	0.0386304	-0.00496559	-5.5774e-06	0.999992	-0.00406007	0.00994081	-0.0386307	0.00405682	0.999245	-0.999938	
0.999312	0.00159436	0.0370407	0.0190322	-0.00117544	0.999935	-0.0113287	-0.00832873	-0.0370564	0.0112774	0.99925	0.999784	
0.999353	0.00342811	0.0358067	0.0138807	-0.00313105	0.99996	-0.00834877	-0.00798282	-0.0358339	0.00823125	0.999324	0.999872	
0.999358	0.00121688	0.0357937	-0.0224332	-0.00115874	0.999998	-0.00164498	0.00684228	-0.0357957	0.00160245	0.999358	-0.999725	
0.999374	-0.00197958	0.0353125	0.00614004	0.00215998	0.999985	-0.00507137	-0.00485649	-0.0353019	0.00514447	0.999363	0.999969	
0.99941	0.00272573	0.0342359	0.0215167	-0.00260313	0.99999	-0.00362519	-0.0059655	-0.0342455	0.00353393	0.999407	0.999751	
0.999296	0.00566986	0.0370981	-0.00544063	-0.00558411	0.999981	-0.00241458	0.0139768	-0.0371111	0.00220572	0.999309	-0.999888	
0.999345	0.00027349	0.0361767	-0.032589	-0.000100949	0.999989	-0.00477114	0.0226086	-0.0361775	0.00476436	0.999334	-0.999213	
0.999282	-7.15976e-06	0.0378901	-0.052245	0.000369162	0.999954	-0.00954702	0.0206339	-0.0378883	0.00955415	0.999236	-0.998421	
0.998798	0.00547657	0.0487138	-0.0366147	-0.0053204	0.99998	-0.00333494	0.0152535	-0.0487311	0.00307176	0.998807	-0.999213	
0.998372	0.00811727	0.0564575	-0.0104379	-0.00789868	0.99996	-0.00409386	0.0139568	-0.0564885	0.00364125	0.998397	-0.999848	
0.998492	0.00482226	0.0546902	-0.0503322	-0.00463768	0.999983	-0.00350141	0.0077682	-0.0547061	0.00324249	0.998497	-0.998702	
0.998487	0.00125901	0.0549724	-0.033568	-0.000988704	0.999987	-0.00494399	0.0215853	-0.0549779	0.00488216	0.998476	-0.999203	
0.998601	0.000343091	0.0528775	-0.017998	-2.65943e-05	0.999982	-0.00598606	0.0216949	-0.0528786	0.00597628	0.998583	-0.999603	
0.998884	-0.000158716	0.0472307	-0.0447028	0.000300133	0.999995	-0.00298709	0.0181285	-0.04723	0.00299793	0.99888	-0.998836	
0.999196	-0.000931807	0.0400821	-0.0860115	0.00100269	0.999998	-0.00174847	0.0313454	-0.0400804	0.00178725	0.999195	-0.995801	
0.999127	-0.00143892	0.0417463	-0.00597547	0.00173779	0.999973	-0.00712367	-6.34728e-05	-0.0417349	0.00719	0.999103	-0.999982	
0.999268	0.000889536	0.0382333	-0.0350121	-0.000827096	0.999998	-0.00164891	0.021392	-0.0382347	0.00161608	0.999267	-0.999158	
0.998941	0.00679511	0.0455074	0.00872796	-0.00687752	0.999975	0.00165469	0.0100486	-0.0454951	-0.00196592	0.998963	-0.999911	
0.998964	0.00823618	0.0447617	0.0020708	-0.00836016	0.999962	0.00258324	0.011809	-0.0447387	-0.00295477	0.998994	-0.999928	
0.999014	0.00675022	0.0438774	0.000519349	-0.00657951	0.99997	-0.00403386	0.0140594	-0.0439033	0.00374119	0.999029	-0.999901	
0.99859	0.00284359	0.0530159	0.100276	-0.00292087	0.999995	0.0013802	-0.0124633	-0.0530117	-0.0015331	0.998593	-0.994882	
0.998782	0.00484224	0.0490947	-0.00848627	-0.00520446	0.99996	0.00725284	0.0356326	-0.0490576	-0.00749952	0.998768	-0.999329	
0.998954	0.00200028	0.0456888	-0.038258	-0.00213177	0.999994	0.00282935	0.0240659	-0.0456829	-0.00292379	0.998952	-0.998978	
0.999078	-0.000558088	0.0429342	-0.0834483	0.000513011	0.999999	0.00106091	0.0412412	-0.0429348	-0.00103791	0.999077	-0.995658	
0.999143	-0.0025029	0.0413083	-0.0623631	0.00238052	0.999993	0.00301137	0.0333566	-0.0413155	-0.00291045	0.999142	-0.997496	
0.999125	0.00367183	0.0416562	-0.0310295	-0.00352723	0.999987	-0.00354421	0.0245929	-0.0416686	0.00339418	0.999126	-0.999216	
0.999203	0.00646289	0.0393966	-0.0236528	-0.00582398	0.99985	-0.0163107	0.0213149	-0.0394961	0.0160683	0.999091	-0.999493	
0.999173	0.0088989	0.0396655	-0.01511	-0.00875381	0.999954	-0.00382993	0.00470237	-0.0396978	0.00347954	0.999206	-0.999875	
0.9992	0.00989536	0.038742	-0.0242212	-0.00995609	0.999949	0.00137488	0.0142755	-0.0387264	-0.00175949	0.999248	-0.999605	
0.999271	0.00483063	0.0378682	-0.0122819	-0.00492855	0.999985	0.00249311	0.021572	-0.0378555	-0.00267793	0.99928	-0.999692	
0.999292	0.00706104	0.0369637	0.0169155	-0.00694609	0.999971	-0.00323716	-0.0160442	-0.0369854	0.00297812	0.999311	0.999728	
0.999355	0.00482913	0.0355929	0.0155646	-0.00487866	0.999987	0.00130479	-0.0149543	-0.0355861	-0.00147759	0.999366	0.999767	
0.999571	0.000209746	0.0292762	0.0218778	-0.00045479	0.999965	0.00836367	-0.0123373	-0.0292734	-0.0083734	0.999536	0.999685	
0.999735	-0.000278142	0.0230349	0.0155516	0.000211682	0.999996	0.0028876	-0.0138596	-0.0230356	-0.00288196	0.99973	0.999783	
0.999891	0.00181381	0.0146417	0.0101676	-0.00174913	0.999989	-0.00442922	-0.0154048	-0.0146496	0.00440312	0.999883	0.99983	
0.999939	0.000743555	0.0110438	0.000171332	-0.000603072	0.999919	-0.0127185	-0.0245291	-0.0110523	0.012711	0.999858	0.999699	
0.99997	0.002202	0.00747959	0.0130276	-0.00224283	0.999983	0.00545456	-0.00768278	-0.00746745	-0.00547117	0.999957	0.999886	
0.999992	-5.63692e-06	0.00409005	-0.00345331	-4.90041e-05	0.999911	0.0133593	-0.00916264	-0.00408976	-0.0133594	0.999902	0.999952	
1	1.76112e-05	-0.00081102	-0.00830879	-2.17233e-05	0.999987	-0.00507054	-0.0222756	0.00081092	0.00507056	0.999987	0.999717	
0.99998	0.00490377	-0.00396378	-0.016118	-0.00491675	0.999983	-0.00327054	-0.0193933	0.00394767	0.00328997	0.999987	0.999682	
0.999971	0.00229298	-0.00731776	-0.011842	-0.00231326	0.999994	-0.00276383	-0.0183926	0.00731137	0.00278067	0.999969	0.999761	
0.999928	0.000605807	-0.0119813	-0.00431315	-0.000609546	1	-0.000308418	-0.0080606	0.0119811	0.000315699	0.999928	0.999958	
0.999899	-0.00418759	-0.0135461	-0.0138475	0.00421294	0.999989	0.00184306	-0.0142021	0.0135382	-0.00189994	0.999907	0.999803	
0.999893	-0.00150271	-0.0145341	-0.00203225	0.00148478	0.999998	-0.00124483	-0.00959578	0.0145359	0.00122312	0.999894	0.999952	
0.999912	0.000881408	-0.0132524	-0.022686	-0.00083466	0.999993	0.00353267	-0.0198832	0.0132554	-0.00352129	0.999906	0.999545	
0.999907	-0.00104651	-0.0135819	-0.0173222	0.00105703	0.999999	0.00076748	-0.0136158	0.013581	-0.000781765	0.999907	0.999757	
0.999905	-0.00185146	-0.0136922	-0.0115519	0.00179659	0.99999	-0.00401894	-0.0152377	0.0136995	0.00399396	0.999898	0.999817	
0.999904	0.00391809	-0.013297	-0.0148958	-0.00395188	0.999989	-0.00251598	-0.0113664	0.013287	0.00256828	0.999908	0.999824	
0.999908	0.000253743	-0.013595	-0.0137177	-0.000217257	0.999996	0.00268524	-0.012797	0.0135956	-0.00268204	0.999904	0.999824	
0.999912	-0.00071224	-0.0132105	-0.00955002	0.000743688	0.999997	0.00237571	-0.0157862	0.0132088	-0.00238533	0.99991	0.99983	
0.999903	-0.00356641	-0.0134483	-0.0270553	0.00354284	0.999992	-0.00177603	-0.0195375	0.0134546	0.00172822	0.999908	0.999443	
0.999838	-0.00295347	-0.0177502	-0.0204841	0.00287296	0.999985	-0.00455943	-0.0156054	0.0177634	0.0045077	0.999832	0.999668	
0.99986	0.000563986	-0.0167104	-0.0356344	-0.000564527	1	-2.76622e-05	-0.0132117	0.0167104	3.70918e-05	0.99986	0.999278	
0.999945	0.00386213	-0.00972212	-0.00615286	-0.00384371	0.999991	0.00191217	-0.0193681	0.00972942	-0.00187469	0.999951	0.999793	
0.999979	0.000535519	-0.00645343	0.0166218	-0.000560441	0.999992	-0.00386059	-0.00489844	0.00645132	0.00386412	0.999972	0.99985	
0.999969	-0.00287242	-0.00732391	0.022533	0.0028739	0.999996	0.000191577	-0.0136953	0.00732333	-0.000212619	0.999973	0.999652	
0.999966	-0.00171739	-0.0080084	0.00783436	0.00170045	0.999996	-0.00212118	-0.00339363	0.00801201	0.00210749	0.999966	0.999964	
0.999965	-0.00438711	-0.00718264	-0.00773692	0.00442154	0.999979	0.00478546	0.00287574	0.00716149	-0.00481705	0.999963	0.999966	
0.99995	-0.00267005	-0.00965083	-0.0157078	0.00266183	0.999996	-0.000864284	-0.0150481	0.0096531	0.000838552	0.999953	0.999763	
0.999912	-0.00370464	-0.0127667	-0.0198722	0.00368306	0.999992	-0.00171375	-0.0059018	0.012773	0.00166658	0.999917	0.999785	
0.999893	-0.00280703	-0.01435	-0.0371115	0.00282754	0.999995	0.00140887	-0.0101247	0.014346	-0.0014493	0.999896	0.99926	
0.999765	-0.00757309	-0.0203151	0.0238584	0.007522	0.999968	-0.00259008	0.012577	0.0203341	0.00243666	0.99979	-0.999636	
0.999751	-0.0021183	-0.0222244	0.028864	0.00217673	0.999994	0.00260513	0.00855235	0.0222188	-0.00265285	0.99975	-0.999547	
0.99975	0.00109957	-0.022328	0.0240992	-0.00112162	0.999999	-0.00097504	0.0167863	0.0223269	0.00099984	0.99975	-0.999569	
0.999769	0.00207007	-0.0213864	-0.036189	-0.0021348	0.999993	-0.00300449	-0.00963971	0.0213801	0.00304945	0.999767	0.999298	
0.999809	0.00175534	-0.0194823	-0.0357977	-0.00171417	0.999996	0.00212942	-0.0120827	0.019486	-0.00209561	0.999808	0.999286	
0.999859	-0.000950313	-0.0167622	-0.0197438	0.000985733	0.999997	0.00210492	-0.00868464	0.0167601	-0.00212115	0.999857	0.999767	
0.999847	0.00202238	-0.0173637	-0.0141691	-0.00199071	0.999996	0.00184114	-0.0172201	0.0173673	-0.00180629	0.999848	0.999751	
0.999871	8.38601e-05	-0.0160342	-0.026033	-0.000143658	0.999993	-0.00372827	-0.0122608	0.0160338	0.00373009	0.999864	0.999586	
0.999866	-0.00210557	-0.0162578	-0.0463323	0.00213273	0.999996	0.00165337	-0.00967024	0.0162542	-0.00168782	0.999866	0.998879	
0.99984	-0.00051176	-0.0178775	-0.0249471	0.000596872	0.999989	0.00475585	-0.00402054	0.0178748	-0.00476576	0.999829	0.999681	
0.999816	0.00231141	-0.0190368	-0.0210581	-0.00223898	0.99999	0.00382533	-0.0179896	0.0190455	-0.003782	0.999811	0.999616	
0.999829	0.00150499	-0.0184212	-0.00924156	-0.00147932	0.999998	0.0014071	-0.0086302	0.0184232	-0.00137961	0.999829	0.99992	
0.99982	-0.000419962	-0.0189859	0.0177815	0.000429172	1	0.000481053	0.0121453	0.0189857	-0.000489114	0.99982	-0.999768	
0.99982	-0.00173106	-0.0188872	0.0204001	0.00170753	0.999998	-0.0012619	0.0117675	0.0188893	0.00122942	0.999821	-0.999723	
0.999839	-0.0011966	-0.0179009	0.0286921	0.00125081	0.999995	0.00301731	0.0165493	0.0178972	-0.00303922	0.999835	-0.999451	
0.999909	0.000159378	-0.0134759	-0.0161279	-8.91204e-05	0.999986	0.00521405	-0.0171199	0.0134765	-0.00521237	0.999896	0.999723	
0.999962	0.00108775	-0.00866473	-0.00588015	-0.00103505	0.999981	0.00608506	-0.00771836	0.00867118	-0.00607586	0.999944	0.999953	
0.999986	-0.000270051	-0.00524184	-0.0105328	0.000296433	0.999987	0.0050329	-0.010966	0.00524042	-0.00503439	0.999974	0.999884	
0.999993	0.000339682	-0.0037713	-0.0080799	-0.00035181	0.999995	-0.00321561	-0.0176075	0.00377019	0.00321691	0.999988	0.999812	
0.99999	-0.00178114	-0.00399096	-0.00961472	0.00178157	0.999998	0.000104274	-0.0099759	0.00399076	-0.000111383	0.999992	0.999904	
0.999986	-0.00418419	-0.00333806	-0.00446792	0.00420301	0.999975	0.00565221	-0.0217859	0.00331433	-0.00566616	0.999978	0.999753	
0.999986	-0.00059697	-0.00522606	0.0229581	0.000631058	0.999979	0.00652354	-0.00979811	0.00522205	-0.00652675	0.999965	0.999688	
1	0.00043463	-0.000869041	-0.0250367	-0.000433538	0.999999	0.00125625	-0.0125007	0.000869586	-0.00125587	0.999999	0.999608	
0.999991	0.00212576	-0.00364893	0.0314874	-0.00211695	0.999995	0.00241797	-0.0107575	0.00365405	-0.00241022	0.99999	0.999446	
0.999998	0.000313823	-0.00182166	0.000779805	-0.000302547	0.999981	0.00618722	-0.0235757	0.00182357	-0.00618666	0.999979	0.999722	
0.999998	-0.000752196	-0.00180278	-0.0160575	0.000756588	0.999997	0.00243692	-0.0111745	0.00180094	-0.00243828	0.999995	0.999809	
0.999994	-0.00102393	-0.0033468	-0.0113498	0.00103917	0.999989	0.00455523	-0.0139398	0.0033421	-0.00455868	0.999984	0.999838	
0.999987	-0.000368935	-0.00499194	-0.0199427	0.000381467	0.999997	0.00250957	-0.0193317	0.004991	-0.00251144	0.999984	0.999614	
0.999981	-0.000465367	-0.00610832	-0.0174194	0.000495545	0.999988	0.00493998	-0.0167212	0.00610594	-0.00494292	0.999969	0.999708	
0.999917	-0.00303906	-0.0125521	-0.0175895	0.00309573	0.999985	0.00449729	-0.0197568	0.0125383	-0.00453577	0.999911	0.99965	
0.999892	-0.00101422	-0.0146768	-0.0166736	0.00101052	0.999999	-0.000259862	-0.0177527	0.0146771	0.000245003	0.999892	0.999703	
0.999887	0.000539201	-0.0150356	-0.0312157	-0.000489572	0.999994	0.0033042	-0.0109919	0.0150373	-0.00329646	0.999882	0.999452	
0.999841	-0.00221206	-0.0176698	-0.0146341	0.00228646	0.999989	0.00419164	-0.00953311	0.0176603	-0.00423138	0.999835	0.999847	
0.999728	-0.00429679	-0.0229361	-0.00607403	0.00425959	0.99999	-0.00167058	-0.0132793	0.0229431	0.00157243	0.999736	0.999893	
0.999669	-0.000846788	-0.0257004	0.0277795	0.000855624	1	0.000332804	-0.0073991	0.0257001	-0.000354684	0.99967	0.999587	
0.999719	4.58897e-05	-0.0236921	-0.0420293	7.14084e-05	0.999988	0.00495007	-0.0147639	0.023692	-0.00495037	0.999707	0.999007	
0.999677	-0.000689541	-0.0254118	-0.00446816	0.000762123	0.999996	0.00284666	-0.00817931	0.0254097	-0.00286511	0.999673	0.999957	
0.999731	-0.00306148	-0.0230104	-0.0484019	0.0032845	0.999948	0.00966082	-0.00827912	0.0229796	-0.00973379	0.999689	0.998794	
0.999641	-0.00793734	-0.0255949	-0.0143694	0.00799513	0.999966	0.00215611	-0.0171705	0.0255769	-0.00235997	0.99967	0.999749	
0.999578	-0.00432605	-0.0287169	-0.0205887	0.00442346	0.999985	0.00332943	-0.0108055	0.0287021	-0.00345505	0.999582	0.99973	
0.999676	-0.00249991	-0.0253202	-0.0604576	0.00262584	0.999984	0.00494155	-0.00606978	0.0253074	-0.00500644	0.999667	0.998152	
0.999609	-0.00297088	-0.0278168	-0.0315476	0.00305988	0.99999	0.00315742	-0.0118649	0.0278072	-0.0032413	0.999608	0.999432	
0.999633	0.00343304	-0.0268893	-0.0128073	-0.00340627	0.999994	0.00104141	-0.00603517	0.0268927	-0.00094943	0.999638	0.9999	
0.999775	0.00573117	-0.0204247	-0.0369786	-0.00570695	0.999983	0.00124395	-0.0149511	0.0204315	-0.0011271	0.999791	0.999204	
0.999801	0.00379608	-0.0195877	-0.0207181	-0.00384091	0.99999	-0.00225152	-0.0182879	0.019579	0.00232631	0.999806	0.999618	
0.999808	0.00685724	-0.0183546	-0.0178186	-0.00673996	0.999957	0.00644417	-0.0125985	0.018398	-0.00631923	0.999811	0.999762	
0.999848	0.00834386	-0.0153022	-0.029322	-0.00831422	0.999963	0.00199973	-0.0102983	0.0153183	-0.0018722	0.999881	0.999517	
0.999904	0.00802769	-0.0112587	-0.0259183	-0.00798807	0.999962	0.00355937	-0.0187669	0.0112868	-0.0034691	0.99993	0.999488	
0.99997	0.0059071	-0.00495484	-0.0223102	-0.00596069	0.999923	-0.0108718	-0.0215515	0.00489024	0.010901	0.999929	0.999519	
0.999989	0.0038031	-0.00289789	-0.00679306	-0.00381562	0.999983	-0.00432524	-0.0158622	0.00288139	0.00433625	0.999986	0.999851	
0.999996	-0.000973039	-0.0026953	-0.000104708	0.000979598	0.999997	0.00243333	-0.014847	0.00269293	-0.00243596	0.999993	0.99989	
0.999986	-0.0048447	-0.00206491	-0.0233948	0.00484227	0.999988	-0.00117643	-0.0154316	0.00207058	0.00116641	0.999997	0.999607	
0.999984	-0.00387321	-0.00418004	0.0162856	0.00386501	0.999991	-0.0019693	-0.0187158	0.00418763	0.00195311	0.999989	0.999692	
0.999964	-0.0023417	-0.00817056	0.00291598	0.00235531	0.999996	0.00165661	-0.018629	0.00816665	-0.00167579	0.999965	0.999822	
0.999874	-0.00202205	-0.0157451	-0.0150509	0.00201471	0.999998	-0.00048202	-0.020072	0.0157461	0.000450238	0.999876	0.999685	
0.99969	-0.00142624	-0.0248533	-0.00816291	0.00146654	0.999998	0.00160332	-0.0161307	0.024851	-0.00163927	0.99969	0.999837	
0.999665	0.000228421	-0.0259	-0.032729	-0.000257663	0.999999	-0.0011257	-0.013463	0.0258997	0.00113199	0.999664	0.999374	
0.999666	0.000533721	-0.0258535	-0.0262792	-0.000427578	0.999991	0.00411092	-0.0159305	0.0258555	-0.00409849	0.999657	0.999528	
0.999631	-0.00133127	-0.0271195	-0.0310345	0.00132771	0.999999	-0.000149403	-0.0197752	0.0271197	0.000113341	0.999632	0.999323	
0.999624	0.00636971	-0.026669	-0.0300333	-0.00636369	0.99998	0.000310637	-0.0261625	0.0266704	-0.000140807	0.999644	0.999206	
0.999667	0.00730402	-0.0247565	-0.0290498	-0.00735285	0.999971	-0.00188177	-0.022354	0.0247421	0.00206317	0.999692	0.999328	
0.999839	0.00738879	-0.0163275	-0.0266176	-0.00738528	0.999973	0.000275173	-0.0179918	0.016329	-0.000154545	0.999867	0.999484	
0.999947	-0.00169753	-0.010196	-0.0186464	0.0016859	0.999998	-0.0011494	-0.0219969	0.010198	0.00113215	0.999947	0.999584	
0.999942	-0.00327405	-0.010279	-0.0081807	0.00326441	0.999994	-0.000954225	-0.0142765	0.0102821	0.000920615	0.999947	0.999865	
0.999941	-0.00237548	-0.0106332	-0.0141258	0.00233869	0.999991	-0.00347056	-0.0240536	0.0106414	0.00344549	0.999937	0.999611	
0.99993	0.00207227	-0.0116178	-0.0223569	-0.00210795	0.999993	-0.00306011	-0.0194607	0.0116114	0.00308439	0.999928	0.999561	
0.999882	0.00325408	-0.0150348	-0.00779252	-0.00317333	0.99998	0.00539148	-0.0229751	0.0150521	-0.00534314	0.999872	0.999706	
0.999923	0.00124313	-0.0123506	-0.0130199	-0.00123832	0.999999	0.000397071	-0.0159461	0.0123511	-0.000381746	0.999924	0.999788	
0.999948	-0.00566698	-0.00851856	-0.0130091	0.00562437	0.999972	-0.00501717	-0.0252206	0.00854675	0.004969	0.999951	0.999597	
0.999998	-0.000818115	-0.00166557	-0.0126264	0.000819585	0.999999	0.000882331	-0.0189056	0.00166485	-0.000883695	0.999998	0.999742	
0.999858	0.00775642	0.0149749	0.00913175	-0.00780454	0.999965	0.00315749	-0.0326148	-0.0149498	-0.00327391	0.999883	0.999426	
0.999685	0.00372876	0.0248187	0.00991911	-0.00375793	0.999992	0.00112885	0.0153534	-0.0248143	-0.00122176	0.999691	-0.999833	
0.99894	-0.00925676	0.0450812	0.282039	0.00917067	0.999956	0.00211606	0.0213557	-0.0450988	-0.00170039	0.998981	-0.959165	
0.999864	-0.00868998	0.0140181	0.110642	0.00868122	0.999962	0.000685352	0.0807064	-0.0140236	-0.000563565	0.999902	-0.990578	
0.999982	-0.00453646	-0.00392757	0.00479367	0.0045256	0.999986	-0.00276943	-0.0219563	0.00394008	0.0027516	0.999988	0.999747	
0.999846	-0.00665948	-0.0162242	-0.0137373	0.0066378	0.999977	-0.00138991	-0.0197319	0.0162331	0.00128201	0.999867	0.999711	
0.999668	-0.00459782	-0.0253456	-0.0492526	0.00458118	0.999989	-0.00071454	-0.0248837	0.0253486	0.00059819	0.999678	0.998476	
0.999303	-0.00643558	-0.0367713	-0.0401816	0.00639863	0.999979	-0.00112233