0.999932	-0.003209	0.0112041	0.0502823	0.00320105	0.999995	0.000727627	-0.0208381	-0.0112064	-0.000691713	0.999937	0.998518	
0.999815	-0.00514249	0.0185597	0.0761435	0.00513501	0.999987	0.000450667	-0.0162724	-0.0185618	-0.000355279	0.999828	1.99817	
0.999809	-0.00830604	0.0176879	0.196713	0.0083241	0.999965	-0.000947449	-0.0217181	-0.0176794	0.0010945	0.999843	2.99086	
0.999845	-0.0098583	0.0146056	0.244583	0.00989077	0.999949	-0.00215256	-0.0502326	-0.0145836	0.00229668	0.999891	3.98931	
0.9999	-0.0125191	0.0066157	0.304424	0.0125444	0.999914	-0.00379492	-0.0461244	-0.00656762	0.00387753	0.999971	4.98751	
0.999889	-0.0141065	-0.00476812	0.241758	0.0140798	0.999885	-0.00559001	-0.0656883	0.00484643	0.00552225	0.999973	5.98535	
0.999661	-0.0135687	-0.0222033	0.237753	0.0134322	0.99989	-0.00628735	-0.0574188	0.0222862	0.00598698	0.999734	6.98531	
0.999084	-0.00902643	-0.0418282	0.192395	0.00875371	0.999939	-0.00669873	-0.0562094	0.0418861	0.00632644	0.999102	7.98428	
0.998163	-0.00553917	-0.0603297	-0.0153712	0.00506923	0.999956	-0.00793964	-0.0703163	0.060371	0.00761923	0.998147	8.96236	
0.996672	-0.00524802	-0.0813445	-0.0696947	0.00457397	0.999954	-0.0084705	-0.0772681	0.0813851	0.00807025	0.99665	9.96086	
0.994834	-0.00661392	-0.101297	-0.229642	0.00582115	0.99995	-0.0081198	-0.0851726	0.101345	0.00748819	0.994823	10.9479	
0.992778	-0.00779714	-0.119712	-0.436983	0.00699161	0.99995	-0.00714743	-0.109699	0.119761	0.00625883	0.992783	11.9259	
0.990621	-0.00621103	-0.1365	-0.623527	0.00532871	0.999962	-0.00682834	-0.111173	0.136537	0.00603692	0.990617	12.9084	
0.988249	-0.00520688	-0.152762	-0.80642	0.00439695	0.999974	-0.00563921	-0.148835	0.152788	0.00490126	0.988247	13.8908	
0.986045	-0.00470627	-0.166413	-0.970876	0.00379596	0.999976	-0.00578785	-0.155552	0.166436	0.00507538	0.986039	14.8771	
0.984033	-0.00598604	-0.177886	-1.17714	0.00489373	0.999966	-0.00657865	-0.178683	0.177919	0.00560308	0.984029	15.8554	
0.982463	-0.00946448	-0.186218	-1.41294	0.0079194	0.999928	-0.00903932	-0.1936	0.18629	0.00740607	0.982467	16.827	
0.980972	-0.0088265	-0.19395	-1.62753	0.0068263	0.999916	-0.0109789	-0.208723	0.194031	0.00944601	0.98095	17.8036	
0.979658	-0.00900092	-0.200471	-1.91549	0.00673023	0.999905	-0.0120054	-0.233182	0.20056	0.010412	0.979626	18.761	
0.97795	-0.0102546	-0.208588	-2.12237	0.00712031	0.99985	-0.0157717	-0.222702	0.208718	0.0139388	0.977876	19.7393	
0.97625	-0.0142632	-0.216175	-2.37145	0.0107677	0.999792	-0.0173386	-0.249342	0.216378	0.0145991	0.976201	20.7074	
0.974346	-0.0202642	-0.224141	-2.55751	0.0164544	0.999687	-0.0188524	-0.27237	0.224453	0.0146806	0.974374	21.6896	
0.972341	-0.0211534	-0.232605	-2.81418	0.0166541	0.999635	-0.0212901	-0.291115	0.23297	0.0168274	0.972338	22.656	
0.970298	-0.0165938	-0.241344	-3.01609	0.0106934	0.999612	-0.0257374	-0.311473	0.241678	0.0223922	0.970098	23.6352	
0.968208	-0.013551	-0.24978	-3.29838	0.00663919	0.999572	-0.0284936	-0.349494	0.250059	0.0259294	0.967883	24.5937	
0.965936	-0.0161818	-0.258274	-3.57107	0.00857789	0.999497	-0.0305411	-0.37329	0.258639	0.0272853	0.965589	25.5555	
0.963374	-0.0190773	-0.267481	-3.79656	0.0105422	0.999389	-0.033309	-0.394817	0.267953	0.0292692	0.962987	26.5296	
0.961188	-0.0201024	-0.275162	-4.14724	0.0106023	0.999297	-0.0359696	-0.420443	0.275691	0.0316562	0.960725	27.4657	
0.958809	-0.0194321	-0.283387	-4.42902	0.00857913	0.999183	-0.0394883	-0.459111	0.283923	0.0354305	0.958192	28.4244	
0.956543	-0.0206211	-0.290862	-4.72217	0.00801579	0.998979	-0.044463	-0.504551	0.291482	0.0401993	0.955731	29.3794	
0.954844	-0.021906	-0.296299	-5.0389	0.00676518	0.998623	-0.0520292	-0.550925	0.29703	0.0476752	0.953677	30.3268	
0.953704	-0.0226225	-0.299895	-5.36784	0.00488803	0.998201	-0.0597544	-0.609836	0.300708	0.0555221	0.952099	31.2693	
0.952505	-0.0222401	-0.303711	-5.68158	0.00149489	0.997659	-0.0683682	-0.672629	0.30452	0.064667	0.950308	32.2167	
0.951349	-0.0217693	-0.307346	-6.03931	-0.00183649	0.997083	-0.0763078	-0.760754	0.308111	0.0731598	0.948533	33.1464	
0.950222	-0.0211825	-0.310851	-6.36543	-0.00505491	0.996507	-0.0833577	-0.832539	0.311531	0.0807796	0.946796	34.089	
0.948801	-0.0195498	-0.315268	-6.73577	-0.0092879	0.995925	-0.0897094	-0.917092	0.315737	0.0880446	0.944753	35.014	
0.947527	-0.0184369	-0.319144	-7.08025	-0.012702	0.995376	-0.0952144	-1.0088	0.319424	0.094272	0.942911	35.9483	
0.945615	-0.0161013	-0.32489	-7.40036	-0.0174574	0.994823	-0.100113	-1.11269	0.32482	0.10034	0.940438	36.89	
0.944002	-0.0136064	-0.32966	-7.73069	-0.0224423	0.994187	-0.105299	-1.17536	0.329176	0.106801	0.938209	37.8318	
0.94215	-0.012579	-0.334956	-8.07763	-0.024326	0.994095	-0.105755	-1.29948	0.334308	0.107786	0.93628	38.7614	
0.939874	-0.0113453	-0.341332	-8.4024	-0.0257771	0.994241	-0.104025	-1.42656	0.340547	0.106569	0.934169	39.6986	
0.937965	-0.00989768	-0.346588	-8.7766	-0.0272729	0.994389	-0.102205	-1.54785	0.345655	0.105318	0.932433	40.618	
0.935494	-0.00965701	-0.353211	-9.12937	-0.0275508	0.99459	-0.100162	-1.66011	0.352267	0.103432	0.930167	41.5469	
0.932508	-0.0083673	-0.361053	-9.50976	-0.0286552	0.994865	-0.0970648	-1.77574	0.360011	0.10086	0.92748	42.4645	
0.929303	-0.00626529	-0.369266	-9.87844	-0.0295558	0.995388	-0.0912695	-1.88174	0.368134	0.0957309	0.924831	43.388	
0.925817	-0.00266265	-0.377963	-10.2582	-0.0324842	0.995715	-0.0865843	-1.97835	0.376574	0.092439	0.921763	44.308	
0.922271	0.00140191	-0.386542	-10.6494	-0.0361916	0.995914	-0.0827394	-2.07936	0.384847	0.0902978	0.918553	45.2228	
0.91841	0.0020404	-0.395625	-11.0439	-0.0371961	0.996003	-0.0812107	-2.16098	0.393878	0.0893004	0.914814	46.1381	
0.914414	0.00190556	-0.404775	-11.4521	-0.037726	0.996037	-0.0805366	-2.25083	0.403018	0.0889143	0.910863	47.0465	
0.910623	0.00270576	-0.41323	-11.8514	-0.0388781	0.996104	-0.0791522	-2.34173	0.411406	0.0881434	0.90718	47.9588	
0.907276	0.00481515	-0.420508	-12.2823	-0.0409685	0.99619	-0.0769853	-2.4407	0.418535	0.0870745	0.904017	48.8558	
0.903745	0.00342099	-0.428057	-12.7359	-0.0389424	0.996479	-0.0742543	-2.52349	0.426296	0.0837765	0.900696	49.7431	
0.900157	0.00439941	-0.435544	-13.1709	-0.0387106	0.9968	-0.069936	-2.61316	0.433843	0.0798136	0.897446	50.639	
0.897093	0.00988077	-0.44173	-13.6325	-0.0427467	0.997001	-0.0645113	-2.72003	0.439768	0.0767552	0.894825	51.5197	
0.893371	0.0111774	-0.449181	-14.0706	-0.0426712	0.997283	-0.0600521	-2.80763	0.447289	0.0728159	0.89142	52.4143	
0.88989	0.00999071	-0.456066	-14.5343	-0.040701	0.997512	-0.0575654	-2.87765	0.454356	0.0697892	0.888082	53.2976	
0.886612	0.00957608	-0.462415	-14.9847	-0.040104	0.997612	-0.056234	-2.94476	0.460772	0.0684024	0.884879	54.1878	
0.883554	0.010571	-0.468209	-15.4374	-0.0405949	0.997711	-0.0540804	-3.01608	0.466566	0.0667899	0.881961	55.0766	
0.880852	0.0098667	-0.473289	-15.8878	-0.0389264	0.997907	-0.0516436	-3.09285	0.471788	0.0639138	0.879392	55.9662	
0.879178	0.00777242	-0.476431	-16.4229	-0.0372599	0.997927	-0.0524772	-3.13565	0.475035	0.0638885	0.877644	56.8099	
0.877136	0.00912735	-0.480154	-16.8889	-0.0396324	0.997785	-0.0534326	-3.21094	0.478603	0.0658974	0.875555	57.6915	
0.874239	0.00733526	-0.485441	-17.359	-0.038273	0.997815	-0.0538491	-3.24669	0.483985	0.0656563	0.87261	58.5734	
0.874183	0.00826636	-0.485527	-17.8563	-0.038652	0.997867	-0.052603	-3.31683	0.484056	0.0647512	0.872638	59.4381	
0.873654	0.00844843	-0.486474	-18.3513	-0.0379642	0.997985	-0.0508478	-3.37805	0.485064	0.062892	0.872214	60.3048	
0.873597	0.00656762	-0.486607	-18.8384	-0.0359036	0.998054	-0.0509866	-3.42429	0.485325	0.0620127	0.872132	61.177	
0.873034	0.00389878	-0.487644	-19.3274	-0.0336392	0.998068	-0.052245	-3.475	0.486498	0.0620156	0.871478	62.0477	
0.872305	0.00210999	-0.488958	-19.8192	-0.0319803	0.998096	-0.0527461	-3.53906	0.487915	0.0616477	0.870711	62.9161	
0.870862	0.00271521	-0.49152	-20.3072	-0.0315058	0.998237	-0.0503068	-3.60839	0.490517	0.059296	0.869412	63.7862	
0.86872	0.00394401	-0.495288	-20.788	-0.0310542	0.998435	-0.0465176	-3.66799	0.494329	0.0557916	0.867483	64.661	
0.866284	0.0042978	-0.499533	-21.2951	-0.0293557	0.998673	-0.0423162	-3.73014	0.498688	0.051322	0.865261	65.5207	
0.862566	0.00463652	-0.505924	-21.8055	-0.0289557	0.998771	-0.0402143	-3.78975	0.505116	0.0493369	0.86164	66.3785	
0.857389	0.00107407	-0.514669	-22.3092	-0.0266966	0.998744	-0.0423897	-3.84087	0.513977	0.0500843	0.856341	67.2409	
0.851986	-0.00231946	-0.523559	-22.8466	-0.0249312	0.998676	-0.0449947	-3.90019	0.52297	0.0513878	0.8508	68.0822	
0.845939	-0.00257296	-0.533274	-23.3679	-0.0246483	0.998731	-0.0439187	-3.95913	0.53271	0.0502968	0.844802	68.9335	
0.84023	0.000635369	-0.542229	-23.9016	-0.0257869	0.998915	-0.0387884	-4.01406	0.541616	0.0465736	0.839335	69.7774	
0.835049	0.00577284	-0.550145	-24.4337	-0.0295854	0.998969	-0.0344243	-4.07197	0.549379	0.0450222	0.834359	70.622	
0.83075	0.00544183	-0.556618	-24.9633	-0.0305976	0.998887	-0.035901	-4.12058	0.555803	0.046856	0.829992	71.4689	
0.827846	0.00311999	-0.560947	-25.5577	-0.0309923	0.998712	-0.0401836	-4.15678	0.560099	0.0506508	0.826876	72.2722	
0.824539	0.000985366	-0.565804	-26.122	-0.0333793	0.998342	-0.0469045	-4.20557	0.56482	0.0575607	0.823204	73.0964	
0.821444	-0.000374131	-0.570289	-26.7084	-0.0328017	0.998313	-0.0479025	-4.26501	0.569345	0.0580556	0.820046	73.9042	
0.818288	0.00146875	-0.574806	-27.2849	-0.0326106	0.998505	-0.0438726	-4.32584	0.573882	0.0546452	0.817113	74.719	
0.814863	0.0037798	-0.579641	-27.8505	-0.0321745	0.998732	-0.0387184	-4.3851	0.57876	0.0501998	0.813952	75.5416	
0.812048	0.0052154	-0.583567	-28.4341	-0.032257	0.998833	-0.0359598	-4.4314	0.582698	0.0480253	0.811268	76.3523	
0.808627	0.005581	-0.588295	-29.0067	-0.0333362	0.998783	-0.0363462	-4.47642	0.587376	0.049002	0.807829	77.1709	
0.804905	0.00371443	-0.593392	-29.5962	-0.032926	0.998719	-0.0384107	-4.50753	0.592489	0.050455	0.803997	77.9781	
0.80138	0.000293342	-0.598156	-30.211	-0.0308927	0.998686	-0.0408987	-4.55731	0.597358	0.051254	0.800335	78.7652	
0.796928	-0.000577973	-0.604074	-30.7955	-0.0304785	0.998687	-0.0411645	-4.60911	0.603305	0.0512165	0.795865	79.5749	
0.792306	-1.26247e-05	-0.610124	-31.3855	-0.0307347	0.99873	-0.0399327	-4.67427	0.60935	0.0503909	0.791299	80.3797	
0.787459	0.000157428	-0.616367	-32.0068	-0.0306453	0.998773	-0.0388968	-4.73149	0.615604	0.0495184	0.786498	81.1612	
0.78218	-0.00139311	-0.62305	-32.6259	-0.0300562	0.998749	-0.0399659	-4.78266	0.622327	0.0499871	0.78116	81.9448	
0.776528	-0.00314482	-0.630076	-33.2391	-0.0290477	0.998746	-0.0407843	-4.83063	0.629413	0.0499724	0.775462	82.7333	
0.77114	-0.00550675	-0.636642	-33.8848	-0.027637	0.99873	-0.0421143	-4.86262	0.636066	0.0500709	0.770008	83.4963	
0.766165	-0.00623477	-0.642613	-34.5571	-0.0276413	0.998708	-0.0426454	-4.92746	0.642049	0.0504361	0.765003	84.2336	
0.760717	-0.00662092	-0.64905	-35.2149	-0.0279419	0.998687	-0.0429367	-4.99971	0.648483	0.0507984	0.759533	84.9834	
0.754317	-0.00819219	-0.656459	-35.8662	-0.0260063	0.998764	-0.0423471	-5.05514	0.655995	0.0490152	0.753172	85.7401	
0.747841	-0.00825449	-0.663827	-36.5184	-0.0251084	0.998856	-0.0407066	-5.1064	0.663403	0.0471097	0.746778	86.4965	
0.742684	-0.00789731	-0.669595	-37.1985	-0.0250837	0.998901	-0.0396029	-5.16668	0.669172	0.0462083	0.74167	87.2271	
0.7362	-0.0100571	-0.676689	-37.8712	-0.0232106	0.998926	-0.0400981	-5.22027	0.676366	0.0452265	0.735176	87.9651	
0.73023	-0.0115776	-0.683103	-38.5771	-0.0224218	0.998912	-0.0408988	-5.27931	0.682833	0.045182	0.729176	88.6709	
0.724157	-0.0109373	-0.689548	-39.2738	-0.0231512	0.998925	-0.0401577	-5.338	0.689246	0.0450444	0.723126	89.3859	
0.718899	-0.00960556	-0.695048	-39.9726	-0.0233831	0.999004	-0.0379918	-5.40954	0.694721	0.0435647	0.717959	90.0976	
0.714028	-0.00816876	-0.70007	-40.6509	-0.0249496	0.999	-0.0371038	-5.47567	0.699673	0.0439596	0.71311	90.8294	
0.709458	-0.0116068	-0.704652	-41.3697	-0.0234842	0.99892	-0.0400983	-5.48843	0.704356	0.0449963	0.708419	91.5245	
0.704331	-0.0137994	-0.709738	-42.0869	-0.0240627	0.998772	-0.0432984	-5.5303	0.709464	0.0475746	0.703134	92.2201	
0.699123	-0.016648	-0.714808	-42.7921	-0.0237515	0.998636	-0.0464888	-5.57352	0.714607	0.0494791	0.697774	92.9278	
0.693601	-0.0171238	-0.720156	-43.5038	-0.0243882	0.998586	-0.0472332	-5.62218	0.719946	0.0503244	0.692203	93.6286	
0.687966	-0.0189643	-0.725495	-44.2221	-0.0218454	0.998664	-0.0468203	-5.65329	0.725414	0.0480595	0.686633	94.3237	
0.680711	-0.0194083	-0.732295	-44.9051	-0.020921	0.998726	-0.0459169	-5.70597	0.732254	0.0465765	0.679437	95.0522	
0.675818	-0.0208362	-0.736774	-45.6504	-0.0197838	0.998727	-0.0463914	-5.75626	0.736803	0.0459283	0.674545	95.717	
0.671011	-0.0221177	-0.741117	-46.3871	-0.0186128	0.998737	-0.0466583	-5.81269	0.741213	0.0451025	0.669753	96.3909	
0.666451	-0.0224685	-0.74521	-47.1167	-0.0178683	0.998777	-0.0460935	-5.87218	0.745335	0.0440347	0.665234	97.0721	
0.662097	-0.0232551	-0.749057	-47.8548	-0.0164668	0.998826	-0.0455645	-5.93549	0.749237	0.0425027	0.660936	97.7438	
0.658914	-0.0269342	-0.751736	-48.628	-0.0132989	0.998785	-0.0474426	-5.97382	0.752101	0.0412578	0.657755	98.3769	
0.656629	-0.0318311	-0.753542	-49.4075	-0.00966465	0.998672	-0.0506076	-6.02757	0.754152	0.0405131	0.655449	99.001	
0.652956	-0.0356085	-0.756559	-50.1768	-0.00543698	0.998648	-0.0516953	-6.0924	0.757377	0.0378681	0.651879	99.6365	
0.644693	-0.0394238	-0.763424	-50.8889	-0.00099363	0.998625	-0.0524089	-6.1416	0.764441	0.0345462	0.643767	100.337	
0.63643	-0.043533	-0.770105	-51.6536	0.00442561	0.998596	-0.0527918	-6.20181	0.771322	0.0301901	0.635729	100.979	
0.627473	-0.0446538	-0.777357	-52.4222	0.00744861	0.998653	-0.0513533	-6.26357	0.778603	0.0264326	0.62696	101.615	
0.620312	-0.0433808	-0.783154	-53.2592	0.00863757	0.998787	-0.0484836	-6.32452	0.784307	0.0233104	0.619934	102.159	
0.611805	-0.0435926	-0.789807	-54.0673	0.0091276	0.998803	-0.0480574	-6.38222	0.790956	0.0221927	0.61147	102.745	
0.602191	-0.0447485	-0.797097	-54.8489	0.00784882	0.998711	-0.0501374	-6.43749	0.798313	0.023936	0.601767	103.367	
0.592289	-0.0470478	-0.804351	-55.6531	0.00873278	0.99861	-0.0519799	-6.49364	0.805679	0.0237629	0.591876	103.958	
0.583597	-0.0482928	-0.810606	-56.4742	0.00922812	0.99856	-0.0528465	-6.56308	0.811991	0.0233607	0.583202	104.525	
0.574453	-0.0493574	-0.817048	-57.313	0.0130735	0.998606	-0.0511335	-6.6249	0.818433	0.0186922	0.574298	105.066	
0.562652	-0.0506669	-0.82514	-58.109	0.0148761	0.998579	-0.0511729	-6.6692	0.82656	0.0165177	0.562606	105.669	
0.55261	-0.0514953	-0.831847	-58.9407	0.0155062	0.998552	-0.0515141	-6.73357	0.833295	0.0155684	0.552609	106.221	
0.542027	-0.053507	-0.838656	-59.7813	0.0162653	0.998452	-0.0531898	-6.78768	0.840204	0.0151893	0.542058	106.76	
0.531589	-0.0527628	-0.845358	-60.6112	0.013854	0.998466	-0.0536072	-6.86429	0.846889	0.0167854	0.531504	107.312	
0.522205	-0.0533791	-0.851148	-61.4612	0.0125154	0.998411	-0.054936	-6.93493	0.852728	0.0180354	0.522043	107.834	
0.513474	-0.0533601	-0.856444	-62.3357	0.0121191	0.998416	-0.0549396	-7.00042	0.85802	0.0178307	0.513307	108.315	
0.505407	-0.0503662	-0.86141	-63.2012	0.010849	0.998587	-0.0520216	-7.08104	0.862813	0.0169466	0.505239	108.809	
0.49801	-0.0484189	-0.865819	-64.0627	0.0111982	0.998716	-0.0494098	-7.14797	0.867099	0.014911	0.497912	109.313	
0.489816	-0.0488947	-0.870454	-64.929	0.0106733	0.998688	-0.0500918	-7.20518	0.871761	0.0152451	0.489695	109.809	
0.482469	-0.0516834	-0.874387	-65.8018	0.0119835	0.998554	-0.0524104	-7.26627	0.875831	0.0148081	0.482391	110.293	
0.475632	-0.0558099	-0.877872	-66.6827	0.0156213	0.998364	-0.0550064	-7.3207	0.879506	0.0124493	0.475726	110.763	
0.46974	-0.0582938	-0.880878	-67.5636	0.0164823	0.998223	-0.0572699	-7.38674	0.882651	0.0123831	0.469866	111.232	
0.463483	-0.0616643	-0.883957	-68.4391	0.0195827	0.998045	-0.0593552	-7.46188	0.885889	0.0101998	0.463785	111.709	
0.460651	-0.062058	-0.885409	-69.3393	0.0205556	0.998031	-0.0592571	-7.54575	0.887343	0.00909673	0.46102	112.137	
0.455612	-0.05813	-0.888278	-70.1982	0.0200574	0.998283	-0.055041	-7.63871	0.889952	0.00726079	0.455996	112.64	
0.451723	-0.05628	-0.890381	-71.0846	0.0232766	0.998412	-0.0512994	-7.71218	0.891855	0.0024481	0.452316	113.097	
0.448656	-0.0557429	-0.891964	-71.9801	0.0245855	0.998445	-0.0500309	-7.77801	0.893366	0.0005173	0.449329	113.538	
0.445483	-0.0541938	-0.893649	-72.8546	0.0247865	0.99853	-0.0481981	-7.86155	0.894947	-0.000679031	0.446171	114.015	
0.443974	-0.0531972	-0.894459	-73.754	0.0258698	0.998581	-0.0465491	-7.92668	0.895666	-0.00247287	0.44472	114.447	
0.441363	-0.0530393	-0.89576	-74.649	0.0283576	0.998577	-0.0451548	-7.98094	0.896881	-0.00547195	0.442239	114.89	
0.440387	-0.0515545	-0.896326	-75.546	0.0281954	0.998652	-0.0435869	-8.08528	0.897365	-0.00607717	0.441247	115.32	
0.436734	-0.0543924	-0.897945	-76.4422	0.0332279	0.998465	-0.0443203	-8.1151	0.898977	-0.0104807	0.437871	115.762	
0.43514	-0.050765	-0.898931	-77.3295	0.0338114	0.998626	-0.0400282	-8.2176	0.899728	-0.0129762	0.436258	116.212	
0.433406	-0.0492985	-0.899849	-78.2291	0.0349474	0.998671	-0.0378803	-8.28899	0.900521	-0.0150299	0.434553	116.643	
0.431181	-0.0508209	-0.900833	-79.1244	0.0377815	0.998554	-0.0382498	-8.34534	0.901474	-0.0175422	0.432477	117.085	
0.428215	-0.0543752	-0.902039	-80.0172	0.0409331	0.998331	-0.040748	-8.3642	0.902749	-0.0194743	0.429726	117.535	
0.426595	-0.0560288	-0.902705	-80.9039	0.0404638	0.998262	-0.0428377	-8.4077	0.903537	-0.0182525	0.428121	117.995	
0.427829	-0.0521096	-0.902356	-81.7961	0.0359476	0.998528	-0.0406197	-8.53231	0.903144	-0.0150593	0.429073	118.429	
0.430503	-0.0511059	-0.901141	-82.7038	0.033821	0.998608	-0.0404761	-8.60457	0.901955	-0.0130524	0.431633	118.843	
0.433262	-0.0526029	-0.899732	-83.5953	0.0321292	0.998562	-0.0429093	-8.63197	0.900695	-0.0103167	0.434329	119.295	
0.439526	-0.0541581	-0.896595	-84.5093	0.0311828	0.998499	-0.0450272	-8.67417	0.897688	-0.00816766	0.440556	119.698	
0.442141	-0.0551521	-0.895248	-85.3664	0.0298844	0.998459	-0.0467512	-8.70103	0.896447	-0.00608331	0.443108	120.213	
0.447933	-0.054045	-0.892432	-86.2456	0.0277255	0.998531	-0.0465542	-8.74566	0.893637	-0.00388998	0.448774	120.687	
0.454155	-0.053017	-0.889344	-87.1175	0.0259557	0.998591	-0.046275	-8.79424	0.890544	-0.00206748	0.454892	121.174	
0.462257	-0.0536056	-0.885124	-88.0011	0.0256077	0.998562	-0.047102	-8.83408	0.886376	-0.00089279	0.462964	121.641	
0.471565	-0.0523086	-0.880279	-88.8853	0.0240867	0.998631	-0.0464382	-8.90495	0.881502	0.000695568	0.472179	122.103	
0.480111	-0.0536209	-0.875567	-89.7457	0.0229955	0.998556	-0.0485435	-8.95205	0.876906	0.00317209	0.480651	122.61	
0.490497	-0.0543838	-0.869744	-90.6225	0.0210553	0.998499	-0.0505605	-9.02541	0.871188	0.00648707	0.490906	123.085	
0.501788	-0.0542605	-0.863287	-91.4811	0.0181763	0.998472	-0.0521923	-9.09788	0.8648	0.0104981	0.502007	123.593	
0.514028	-0.0517011	-0.856214	-92.3483	0.016229	0.998589	-0.0505551	-9.18207	0.85762	0.0120912	0.514142	124.084	
0.528989	-0.0495676	-0.84718	-93.2317	0.0151852	0.998686	-0.0489502	-9.24608	0.848493	0.0130295	0.529047	124.548	
0.541032	-0.0477897	-0.839643	-94.0838	0.0143469	0.998763	-0.0476017	-9.29892	0.840879	0.0137078	0.541049	125.069	
0.553967	-0.0469415	-0.831214	-94.9364	0.0140319	0.998794	-0.0470536	-9.36231	0.83242	0.0144026	0.553958	125.587	
0.568813	-0.0468704	-0.82113	-95.8071	0.0147887	0.998796	-0.0467673	-9.43924	0.822334	0.0144584	0.568822	126.073	
0.579754	-0.0478626	-0.813384	-96.6214	0.0148864	0.998729	-0.0481584	-9.50462	0.814655	0.0158117	0.57973	126.65	
0.590842	-0.0493109	-0.805279	-97.4403	0.016868	0.998667	-0.0487767	-9.5709	0.806611	0.0152359	0.590886	127.22	
0.601752	-0.0490226	-0.797177	-98.2504	0.0172409	0.998679	-0.0483996	-9.63953	0.798497	0.0153805	0.601802	127.802	
0.611621	-0.0472343	-0.789739	-99.0525	0.0166948	0.998764	-0.0468067	-9.69877	0.790974	0.0154435	0.611654	128.396	
0.622031	-0.0448297	-0.781708	-99.8567	0.0173489	0.998904	-0.0434804	-9.76356	0.7828	0.0134844	0.622127	128.987	
0.633739	-0.0436063	-0.772317	-100.674	0.0162622	0.99894	-0.0430575	-9.81133	0.773376	0.0147276	0.633777	129.561	
0.64525	-0.0423916	-0.762794	-101.458	0.0143666	0.998956	-0.0433633	-9.87979	0.763836	0.0170214	0.645185	130.179	
0.655482	-0.0421862	-0.754031	-102.231	0.012864	0.998917	-0.0447042	-9.93106	0.755101	0.019603	0.655315	130.811	
0.664926	-0.0420789	-0.745723	-103.003	0.0128149	0.998908	-0.0449389	-9.98459	0.746799	0.0203247	0.664739	131.444	
0.673694	-0.0395213	-0.737953	-103.757	0.0115944	0.999011	-0.0429176	-10.0561	0.73892	0.0203572	0.673486	132.097	
0.682396	-0.0375816	-0.730016	-104.503	0.0115784	0.999108	-0.0406115	-10.1222	0.730891	0.0192607	0.682222	132.76	
0.690468	-0.0371011	-0.722411	-105.231	0.0119368	0.999132	-0.0399038	-10.1832	0.723265	0.018929	0.690312	133.443	
0.698682	-0.0367984	-0.714486	-105.967	0.0113362	0.99912	-0.0403726	-10.2358	0.715343	0.020108	0.698484	134.118	
0.705658	-0.035373	-0.707669	-106.689	0.0102748	0.999159	-0.0396976	-10.3032	0.708478	0.0207418	0.705428	134.806	
0.713339	-0.0324241	-0.700069	-107.405	0.00930502	0.999279	-0.0368009	-10.3659	0.700758	0.0197373	0.713126	135.501	
0.721083	-0.0294359	-0.692223	-108.115	0.00811418	0.999387	-0.0340452	-10.4288	0.692801	0.0189326	0.72088	136.203	
0.728165	-0.0277585	-0.68484	-108.809	0.00704113	0.99943	-0.0330231	-10.4904	0.685366	0.0192242	0.727945	136.92	
0.735147	-0.0267781	-0.677379	-109.496	0.00574234	0.99943	-0.0332774	-10.5396	0.677884	0.020574	0.734881	137.645	
0.74347	-0.0237814	-0.668346	-110.194	0.00293093	0.999474	-0.0323034	-10.5879	0.668763	0.0220577	0.743149	138.36	
0.751748	-0.0209818	-0.659117	-110.856	0.00210959	0.999565	-0.0294134	-10.6414	0.659447	0.020721	0.751465	139.107	
0.760706	-0.0172736	-0.648867	-111.519	0.000316754	0.999656	-0.0262406	-10.6927	0.649097	0.0197559	0.760449	139.854	
0.769807	-0.0160366	-0.638075	-112.126	-0.000646414	0.999664	-0.0259042	-10.721	0.638277	0.0203537	0.769538	140.648	
0.778978	-0.0150092	-0.626872	-112.763	-0.00226729	0.99964	-0.0267518	-10.7641	0.627048	0.0222604	0.778663	141.418	
0.788344	-0.0160391	-0.615026	-113.378	-0.00225803	0.999578	-0.0289621	-10.8003	0.615231	0.0242208	0.787975	142.206	
0.798594	-0.0149252	-0.601685	-114.007	-0.00291827	0.999585	-0.0286687	-10.8471	0.601863	0.0246505	0.798219	142.982	
0.808737	-0.0139436	-0.588006	-114.621	-0.00262057	0.999624	-0.0273087	-10.8869	0.588165	0.0236264	0.808396	143.77	
0.818456	-0.0116654	-0.574451	-115.201	-0.00288007	0.999698	-0.0244044	-10.934	0.574562	0.0216284	0.818175	144.583	
0.827858	-0.0101747	-0.560846	-115.782	-0.00266286	0.999753	-0.0220679	-10.9808	0.560932	0.0197625	0.827626	145.396	
0.836473	-0.00968461	-0.547922	-116.331	-0.00150561	0.999799	-0.0199701	-10.9949	0.548006	0.0175294	0.836291	146.231	
0.84441	-0.00889279	-0.535624	-116.886	-0.000894222	0.999837	-0.0180097	-11.0315	0.535697	0.0156865	0.844265	147.062	
0.851013	-0.00847861	-0.525076	-117.417	2.15368e-05	0.99987	-0.0161104	-11.0723	0.525145	0.0136988	0.850903	147.909	
0.857427	-0.0085459	-0.514534	-117.942	0.000329369	0.999871	-0.016058	-11.0967	0.514605	0.0135991	0.857319	148.76	
0.864577	-0.00727094	-0.502448	-118.487	-0.000916241	0.999871	-0.0160458	-11.1353	0.5025	0.0143332	0.864459	149.597	
0.871007	-0.00480569	-0.491247	-118.986	-0.00292377	0.999884	-0.0149655	-11.1756	0.491262	0.0144713	0.870892	150.463	
0.877381	-0.00433931	-0.479775	-119.495	-0.00312812	0.999886	-0.014764	-11.2161	0.479784	0.0144544	0.877268	151.323	
0.883012	-0.00491193	-0.469324	-119.968	-0.00244584	0.999884	-0.0150665	-11.2397	0.469343	0.0144518	0.882897	152.203	
0.887529	-0.00693237	-0.4607	-120.426	-0.000560853	0.99987	-0.016126	-11.2631	0.460752	0.0145707	0.887409	153.092	
0.892588	-0.00654435	-0.450825	-120.937	-0.000946032	0.999865	-0.0163875	-11.3075	0.450871	0.0150538	0.892462	153.95	
0.896004	-0.00589765	-0.444007	-121.393	-0.00128365	0.999873	-0.0158715	-11.3274	0.444045	0.0147908	0.895883	154.84	
0.899565	-0.00381288	-0.436771	-121.864	-0.00181943	0.999921	-0.0124763	-11.3588	0.436784	0.0120179	0.899486	155.722	
0.90255	0.000268999	-0.430584	-122.298	-0.00424623	0.999957	-0.00827585	-11.3833	0.430563	0.00929773	0.902512	156.622	
0.906207	0.00322961	-0.422821	-122.769	-0.00607397	0.999967	-0.00537999	-11.4229	0.42279	0.00744359	0.906197	157.503	
0.909174	0.00555124	-0.416378	-123.152	-0.007691	0.999964	-0.00346181	-11.4206	0.416344	0.00634975	0.909185	158.427	
0.911663	0.00633311	-0.410889	-123.52	-0.00773689	0.999969	-0.00175359	-11.4174	0.410865	0.00477769	0.911684	159.357	
0.915155	0.00820912	-0.403018	-123.977	-0.00836369	0.999964	0.00137649	-11.4527	0.403015	0.00211101	0.915191	160.246	
0.918766	0.0069799	-0.394741	-124.388	-0.00643518	0.999976	0.0027038	-11.4441	0.39475	5.60689e-05	0.918788	161.158	
0.921831	0.0067527	-0.387534	-124.765	-0.00565906	0.999976	0.00396314	-11.4587	0.387551	-0.00146027	0.921847	162.084	
0.925543	0.00603028	-0.378594	-125.165	-0.00494696	0.99998	0.00383402	-11.4633	0.37861	-0.00167566	0.925555	163	
0.929219	0.00372068	-0.369512	-125.562	-0.00269496	0.999991	0.00329203	-11.4742	0.369521	-0.0020632	0.92922	163.918	
0.933032	0.00313765	-0.359781	-125.941	-0.00240849	0.999994	0.00247493	-11.4908	0.359787	-0.00144266	0.933034	164.843	
0.937282	0.00202337	-0.348567	-126.274	-0.00212185	0.999998	9.92363e-05	-11.4814	0.348567	0.000646595	0.937284	165.786	
0.942189	0.00410113	-0.335057	-126.616	-0.00459969	0.999989	-0.000694473	-11.4875	0.335051	0.00219548	0.942198	166.726	
0.947794	0.00736559	-0.318798	-126.954	-0.00764778	0.999971	0.000366561	-11.4955	0.318791	0.00209067	0.947823	167.667	
0.953824	0.011194	-0.300159	-127.284	-0.0107391	0.999937	0.00316543	-11.5079	0.300175	0.000204164	0.953884	168.611	
0.960212	0.0154988	-0.278843	-127.613	-0.0146421	0.99988	0.00515488	-11.527	0.278889	-0.000866923	0.960323	169.555	
0.965989	0.0170236	-0.258023	-127.87	-0.0160962	0.999854	0.00570628	-11.532	0.258082	-0.00135901	0.966122	170.521	
0.971192	0.0180601	-0.237613	-128.105	-0.0169078	0.999833	0.00688663	-11.5306	0.237698	-0.00267073	0.971336	171.493	
0.97631	0.0189542	-0.215545	-128.37	-0.0172379	0.999803	0.00984027	-11.5406	0.215689	-0.00589161	0.976444	172.457	
0.980978	0.0223228	-0.192829	-128.602	-0.0201763	0.999711	0.0130886	-11.5435	0.193065	-0.00894908	0.981145	173.43	
0.985108	0.023908	-0.170269	-128.798	-0.0213193	0.999628	0.017016	-11.5479	0.170612	-0.0131326	0.985251	174.411	
0.988629	0.0254419	-0.148208	-128.959	-0.022692	0.999538	0.0202161	-11.5549	0.148654	-0.0166231	0.98875	175.398	
0.991676	0.0272435	-0.125841	-129.12	-0.0249155	0.999489	0.0200373	-11.5505	0.126323	-0.0167351	0.991848	176.385	
0.994205	0.0261203	-0.104277	-129.25	-0.0244069	0.999546	0.0176741	-11.5363	0.104692	-0.0150267	0.994391	177.376	
0.996171	0.0263285	-0.0833713	-129.365	-0.0250402	0.999551	0.0164609	-11.5335	0.0837673	-0.0143103	0.996383	178.369	
0.997729	0.0263722	-0.0619785	-129.476	-0.0252795	0.999512	0.0183481	-11.5322	0.0624322	-0.0167397	0.997909	179.363	
0.99878	0.0268644	-0.0414318	-129.553	-0.0260551	0.999461	0.0199505	-11.5279	0.0419454	-0.0188466	0.998942	180.36	
0.999402	0.0274463	-0.0210252	-129.606	-0.0270125	0.999422	0.0206468	-11.5228	0.0215797	-0.0200665	0.999566	181.359	
0.999601	0.0282136	-0.00154251	-129.618	-0.0281756	0.999388	0.0207355	-11.5154	0.00212659	-0.0206838	0.999784	182.359	
0.999418	0.0284381	0.0188391	-129.624	-0.0288335	0.999362	0.0210646	-11.5088	-0.018228	-0.0215956	0.999601	183.359	
0.998781	0.0302959	0.0389794	-129.61	-0.0311083	0.999308	0.0204056	-11.5028	-0.0383342	-0.0215933	0.999032	184.359	
0.997763	0.0313848	0.0590328	-129.579	-0.0325689	0.999285	0.0192038	-11.499	-0.0583879	-0.0210835	0.998071	185.358	
0.996429	0.0314017	0.0783793	-129.521	-0.0328139	0.99932	0.0167955	-11.4979	-0.0777986	-0.0193075	0.996782	186.356	
0.994703	0.0337092	0.0971064	-129.45	-0.035247	0.999278	0.0141638	-11.4857	-0.0965589	-0.0175115	0.995173	187.354	
0.992601	0.0342171	0.116501	-129.365	-0.0358726	0.999283	0.0121423	-11.4826	-0.116002	-0.0162317	0.993116	188.35	
0.990254	0.0344924	0.134938	-129.257	-0.0360433	0.999309	0.00906657	-11.4825	-0.134532	-0.0138418	0.990813	189.344	
0.987557	0.035864	0.153119	-129.094	-0.0368162	0.999316	0.00338691	-11.4771	-0.152893	-0.00898203	0.988202	190.331	
0.984604	0.0374857	0.170735	-128.953	-0.037489	0.999292	-0.00320621	-11.4826	-0.170735	-0.00324384	0.985312	191.321	
0.981334	0.0397697	0.188153	-128.794	-0.0388568	0.999208	-0.00853891	-11.483	-0.188343	0.0010685	0.982103	192.308	
0.977739	0.0421211	0.205553	-128.619	-0.0403812	0.999104	-0.012654	-11.5089	-0.205902	0.00407184	0.978564	193.292	
0.973837	0.0436014	0.223026	-128.424	-0.0411907	0.999032	-0.0154515	-11.5345	-0.223484	0.00586062	0.97469	194.273	
0.969889	0.0427513	0.239766	-128.206	-0.0402378	0.999072	-0.0153713	-11.5624	-0.2402	0.0052608	0.970709	195.248	
0.965347	0.0426929	0.257455	-127.991	-0.0398664	0.999074	-0.0161912	-11.5915	-0.257907	0.00536631	0.966155	196.225	
0.960786	0.0427439	0.273977	-127.732	-0.0383869	0.999037	-0.0212469	-11.6196	-0.274621	0.00989659	0.961502	197.19	
0.956218	0.0436289	0.289385	-127.454	-0.0377715	0.998953	-0.0257976	-11.642	-0.290207	0.0137376	0.956865	198.15	
0.951132	0.0455049	0.305412	-127.181	-0.0394122	0.998882	-0.0260885	-11.6748	-0.306258	0.0127766	0.951863	199.112	
0.945134	0.0483303	0.323087	-126.878	-0.0417063	0.998754	-0.0273985	-11.6987	-0.324009	0.0124205	0.945973	200.065	
0.939245	0.0518223	0.339314	-126.535	-0.0439185	0.998556	-0.0309367	-11.7256	-0.340427	0.0141549	0.940164	201.003	
0.93265	0.0527425	0.356907	-126.225	-0.0430728	0.998459	-0.0349936	-11.7707	-0.358203	0.0172638	0.933484	201.953	
0.926005	0.0541646	0.373607	-125.865	-0.0431799	0.998355	-0.0377155	-11.805	-0.375035	0.0187924	0.92682	202.885	
0.91924	0.0544781	0.38991	-125.466	-0.0409067	0.998236	-0.0430327	-11.849	-0.391567	0.0236075	0.919847	203.801	
0.911159	0.0584442	0.407889	-125.065	-0.0418802	0.997899	-0.0494296	-11.8907	-0.409921	0.0279558	0.911692	204.716	
0.901821	0.0615353	0.427706	-124.663	-0.0428045	0.997662	-0.053283	-11.951	-0.429984	0.029744	0.902346	205.63	
0.890203	0.0648065	0.450931	-124.237	-0.044744	0.997482	-0.0550242	-12.0095	-0.453362	0.0288062	0.890861	206.533	
0.876666	0.0692136	0.476095	-123.818	-0.0471571	0.997194	-0.0581362	-12.0774	-0.478783	0.0285148	0.87747	207.438	
0.862279	0.073432	0.501082	-123.378	-0.0488321	0.996877	-0.0620575	-12.1448	-0.504074	0.029042	0.863172	208.334	
0.847484	0.0770265	0.525202	-122.916	-0.0499503	0.996598	-0.06556	-12.218	-0.528465	0.029327	0.848448	209.218	
0.832409	0.0784317	0.548584	-122.414	-0.0491495	0.996481	-0.0678899	-12.2967	-0.551978	0.0295496	0.833335	210.079	
0.816589	0.0801927	0.571621	-121.864	-0.0485542	0.996335	-0.0704138	-12.3751	-0.575173	0.0297446	0.817491	210.91	
0.800199	0.0826128	0.594018	-121.297	-0.0466127	0.996038	-0.0757318	-12.4515	-0.597921	0.0329117	0.800879	211.731	
0.784147	0.0848751	0.614744	-120.713	-0.0441877	0.995725	-0.0811112	-12.5423	-0.619	0.036439	0.784545	212.537	
0.768421	0.0862278	0.634108	-120.109	-0.0419878	0.995539	-0.0844946	-12.6342	-0.638565	0.0383026	0.768614	213.329	
0.754155	0.0870551	0.6509	-119.454	-0.0391972	0.995374	-0.0877118	-12.7269	-0.655525	0.0406349	0.754079	214.079	
0.738905	0.0871518	0.66815	-118.806	-0.0364532	0.995318	-0.0895133	-12.8236	-0.672823	0.0417856	0.738622	214.834	
0.723995	0.0877218	0.684204	-118.154	-0.0340724	0.995218	-0.0915429	-12.9169	-0.688963	0.0429642	0.723522	215.587	
0.708881	0.0884535	0.699759	-117.486	-0.0310343	0.995056	-0.0943418	-13.0149	-0.704645	0.0451606	0.708122	216.325	
0.693928	0.0900805	0.714387	-116.796	-0.0281476	0.994779	-0.0980948	-13.1162	-0.719494	0.0479625	0.692841	217.041	
0.678246	0.0928043	0.728951	-116.101	-0.0260186	0.994404	-0.102391	-13.2284	-0.734374	0.05048	0.676865	217.751	
0.663331	0.0949074	0.742283	-115.381	-0.0244522	0.994144	-0.105259	-13.336	-0.747926	0.0516708	0.661767	218.437	
0.647584	0.0961556	0.755903	-114.655	-0.0237469	0.994071	-0.106108	-13.4544	-0.761624	0.0507635	0.646028	219.114	
0.631798	0.0971568	0.76902	-113.895	-0.0237692	0.994075	-0.106062	-13.5762	-0.774769	0.0487308	0.630364	219.753	
0.614534	0.098408	0.782728	-113.136	-0.0259882	0.994176	-0.104588	-13.6953	-0.788462	0.0439314	0.613512	220.393	
0.597104	0.0991111	0.796018	-112.367	-0.0277578	0.994296	-0.102977	-13.814	-0.801684	0.0393923	0.596449	221.021	
0.578799	0.101207	0.809166	-111.585	-0.0302404	0.99425	-0.102726	-13.9319	-0.814909	0.0349881	0.578531	221.633	
0.560023	0.104527	0.821857	-110.802	-0.0301581	0.993924	-0.105861	-14.0431	-0.827928	0.0344988	0.559773	222.246	
0.541816	0.107207	0.833632	-110.002	-0.03134	0.993719	-0.107425	-14.1766	-0.839912	0.0320785	0.541773	222.831	
0.522228	0.107474	0.846007	-109.193	-0.0309749	0.993763	-0.107124	-14.2988	-0.852243	0.0297382	0.5223	223.405	
0.501316	0.106532	0.858681	-108.362	-0.0312718	0.993974	-0.10506	-14.422	-0.864699	0.0258159	0.501627	223.947	
0.480191	0.104745	0.870887	-107.511	-0.0310323	0.994252	-0.102471	-14.549	-0.876615	0.0221802	0.480681	224.457	
0.458127	0.103389	0.882853	-106.661	-0.0310078	0.994467	-0.10037	-14.6742	-0.888346	0.0186068	0.458798	224.968	
0.43673	0.10235	0.893751	-105.793	-0.0295721	0.994603	-0.099449	-14.7919	-0.899106	0.0170023	0.4374	225.452	
0.414664	0.102199	0.904217	-104.912	-0.0287907	0.994649	-0.0992172	-14.9154	-0.909519	0.0151088	0.415388	225.907	
0.393671	0.101326	0.91365	-104.017	-0.0263929	0.994743	-0.0989474	-15.0363	-0.918873	0.0148388	0.394275	226.338	
0.372695	0.101889	0.922343	-103.113	-0.0237957	0.994676	-0.100264	-15.1521	-0.927649	0.01542	0.373135	226.749	
0.353056	0.100931	0.930142	-102.193	-0.0192422	0.994737	-0.100636	-15.2757	-0.935404	0.0176322	0.35314	227.12	
0.331264	0.0991345	0.938316	-101.282	-0.017125	0.994933	-0.0990704	-15.3959	-0.943383	0.0167498	0.331283	227.514	
0.310068	0.0992494	0.94552	-100.353	-0.0167186	0.994951	-0.0989555	-15.5194	-0.950567	0.0148752	0.310162	227.864	
0.290465	0.104111	0.951205	-99.4123	-0.0162557	0.994457	-0.103882	-15.6342	-0.956748	0.0147115	0.290547	228.183	
0.271222	0.113023	0.955858	-98.4673	-0.0151425	0.99346	-0.113173	-15.7525	-0.962398	0.0162207	0.271159	228.488	
0.251984	0.120301	0.960225	-97.5177	-0.0162783	0.99263	-0.12009	-15.8857	-0.967594	0.0146299	0.252086	228.772	
0.233227	0.123841	0.964504	-96.559	-0.0185634	0.992244	-0.122914	-16.0239	-0.972245	0.0107624	0.233717	229.021	
0.213512	0.124362	0.968993	-95.6027	-0.0208125	0.992218	-0.122757	-16.1753	-0.976719	0.006043	0.214439	229.271	
0.193779	0.124414	0.973124	-94.6395	-0.0245029	0.99223	-0.121977	-16.3214	-0.980739	-0.000207757	0.195321	229.496	
0.174701	0.124282	0.976746	-93.6755	-0.0254143	0.992241	-0.121708	-16.4634	-0.984294	-0.0035609	0.176504	229.721	
0.155505	0.122956	0.980153	-92.7064	-0.0251376	0.992395	-0.120503	-16.5949	-0.987515	-0.00589976	0.157413	229.93	
0.136212	0.123238	0.982985	-91.7331	-0.0260154	0.992335	-0.120805	-16.7364	-0.990338	-0.00911764	0.138374	230.111	
0.118067	0.123967	0.985237	-90.7535	-0.0248185	0.992235	-0.121874	-16.8677	-0.992695	-0.0100628	0.120227	230.263	
0.0988904	0.127061	0.986953	-89.7735	-0.0280632	0.991776	-0.12487	-17.0087	-0.994703	-0.0153486	0.101643	230.404	
0.0814534	0.128076	0.988414	-88.7893	-0.0275321	0.99162	-0.126223	-17.1523	-0.996297	-0.0169319	0.084297	230.507	
0.0644874	0.1254	0.990008	-87.8037	-0.0279073	0.991912	-0.123823	-17.297	-0.997528	-0.0196434	0.0674654	230.594	
0.0496822	0.121039	0.991404	-86.8161	-0.0249955	0.992469	-0.119917	-17.4396	-0.998452	-0.0188229	0.0523335	230.66	
0.0352734	0.116422	0.992573	-85.8291	-0.025268	0.992978	-0.115571	-17.5847	-0.999058	-0.0210037	0.0379675	230.729	
0.022595	0.11307	0.99333	-84.8394	-0.0236331	0.993367	-0.112536	-17.7214	-0.999465	-0.0209327	0.0251173	230.773	
0.0124427	0.113158	0.993499	-83.8484	-0.0225708	0.993355	-0.112859	-17.8529	-0.999668	-0.0210198	0.0149141	230.795	
0.00427888	0.115432	0.993306	-82.8579	-0.0222905	0.993079	-0.11531	-17.9897	-0.999742	-0.0216479	0.0068223	230.811	
-0.00247041	0.117932	0.993019	-81.8646	-0.02409	0.992726	-0.117957	-18.1052	-0.999707	-0.0242132	0.000388519	230.815	
-0.00773246	0.120972	0.992626	-80.8775	-0.0235201	0.992359	-0.121122	-18.263	-0.999693	-0.0242832	-0.00482812	230.841	
-0.0128814	0.12976	0.991462	-79.8863	-0.0228764	0.991246	-0.130029	-18.3957	-0.999655	-0.024356	-0.00980023	230.845	
-0.0151966	0.131952	0.99114	-78.8978	-0.0240127	0.99092	-0.132291	-18.54	-0.999596	-0.0258103	-0.0118901	230.8	
-0.0180438	0.123859	0.992136	-77.9085	-0.023032	0.991983	-0.124259	-18.6844	-0.999572	-0.025093	-0.0150464	230.782	
-0.020775	0.113935	0.993271	-76.9195	-0.0216194	0.993202	-0.114379	-18.8327	-0.99955	-0.0238501	-0.0181706	230.785	
-0.0219813	0.110511	0.993632	-75.9282	-0.0211396	0.993598	-0.110975	-18.9643	-0.999535	-0.0234443	-0.0195044	230.78	
-0.022932	0.111362	0.993515	-74.9385	-0.0217847	0.993485	-0.111861	-19.107	-0.9995	-0.0242086	-0.0203566	230.777	
-0.0227183	0.114769	0.993132	-73.9463	-0.0211046	0.993112	-0.115249	-19.2319	-0.999519	-0.023578	-0.0201396	230.771	
-0.0224522	0.118226	0.992733	-72.9529	-0.0235195	0.992646	-0.118747	-19.3452	-0.999471	-0.0260147	-0.0195065	230.784	
-0.0205909	0.119538	0.992616	-71.9606	-0.0263062	0.992418	-0.12006	-19.4692	-0.999442	-0.0285841	-0.0172902	230.775	
-0.0175769	0.12115	0.992479	-70.9696	-0.0281875	0.992177	-0.121612	-19.6025	-0.999448	-0.0301131	-0.0140245	230.766	
-0.0185179	0.120556	0.992534	-69.9813	-0.0303544	0.992179	-0.121079	-19.7505	-0.999368	-0.0323699	-0.0147137	230.804	
-0.0125068	0.12243	0.992398	-68.9897	-0.0326126	0.991898	-0.122779	-19.8772	-0.99939	-0.0339002	-0.00841275	230.779	
-0.00579612	0.121286	0.992601	-67.9996	-0.0335474	0.992035	-0.121412	-20.0177	-0.99942	-0.0340029	-0.00168113	230.772	
0.00233378	0.119966	0.992775	-67.0084	-0.0316212	0.99229	-0.119833	-20.1497	-0.999497	-0.031113	0.00610925	230.762	
0.010245	0.11951	0.99278	-66.0176	-0.0298405	0.992427	-0.119159	-20.2848	-0.999502	-0.0284042	0.0137336	230.751	
0.0187789	0.120699	0.992512	-65.0257	-0.0281458	0.992357	-0.120147	-20.4111	-0.999427	-0.0256788	0.0220326	230.739	
0.0259752	0.120574	0.992364	-64.0353	-0.0293739	0.992363	-0.119805	-20.547	-0.999231	-0.0260377	0.0293186	230.762	
0.0328151	0.119747	0.992262	-63.0446	-0.0302216	0.992462	-0.118772	-20.6772	-0.999004	-0.0260903	0.0361867	230.802	
0.0397023	0.117765	0.992248	-62.0539	-0.0303082	0.992715	-0.116608	-20.8033	-0.998752	-0.0254436	0.0429823	230.853	
0.0458993	0.11682	0.992092	-61.0636	-0.030502	0.992839	-0.115497	-20.93	-0.99848	-0.0249595	0.0491338	230.91	
0.052725	0.116935	0.991739	-60.0759	-0.031408	0.992823	-0.115393	-21.0759	-0.998115	-0.0250645	0.0560193	230.966	
0.0595913	0.119011	0.991103	-59.0862	-0.0311951	0.992605	-0.117316	-21.2033	-0.997735	-0.0239266	0.0628631	231.032	
0.0660117	0.122019	0.99033	-58.0958	-0.0319776	0.992244	-0.120123	-21.3188	-0.997306	-0.0237389	0.0694016	231.107	
0.0732965	0.124282	0.989536	-57.1066	-0.034395	0.99193	-0.122035	-21.4469	-0.996717	-0.0250904	0.0769796	231.179	
0.0794517	0.125026	0.988967	-56.1199	-0.0362599	0.991809	-0.122472	-21.5759	-0.996179	-0.0261292	0.0833344	231.278	
0.0865044	0.124607	0.988428	-55.1331	-0.0377608	0.991844	-0.121733	-21.7147	-0.995536	-0.0267935	0.0905041	231.361	
0.0934076	0.121819	0.988147	-54.1476	-0.0392912	0.992164	-0.1186	-21.8567	-0.994852	-0.0277474	0.0974621	231.454	
0.0998116	0.119988	0.987745	-53.1632	-0.0397769	0.99239	-0.116532	-21.9954	-0.994211	-0.0276582	0.103825	231.563	
0.106442	0.119129	0.987157	-52.1786	-0.0391856	0.992528	-0.115552	-22.1289	-0.993546	-0.0263828	0.110315	231.675	
0.112993	0.119892	0.986336	-51.1937	-0.0401153	0.992434	-0.116038	-22.2609	-0.992786	-0.0264557	0.116948	231.787	
0.119765	0.120657	0.985443	-50.2099	-0.038614	0.992403	-0.116816	-22.3784	-0.992051	-0.0240615	0.123514	231.923	
0.128202	0.122663	0.984133	-49.2266	-0.0370183	0.992222	-0.118849	-22.5012	-0.991057	-0.0211943	0.131746	232.057	
0.137433	0.124832	0.982614	-48.2446	-0.0373341	0.991975	-0.120799	-22.6353	-0.989807	-0.0200832	0.14099	232.19	
