%YAML:1.0
---
Camera_Matrix: !!opencv-matrix
   rows: 3
   cols: 3
   dt: d
   data: [ 7.070912000000e+02, 0.000000000000e+00, 6.018873000000e+02,
          0.000000000000e+00, 7.070912000000e+02, 1.831104000000e+02,
          0.000000000000e+00, 0.000000000000e+00, 1.000000000000e+00]
